# plut this data with command: splot "streams.dat" u 1:2:3 w lines
# X      Y      Z
0.650000, 0.650000, 0.100000
0.636793, 0.662944, 0.100000
0.623328, 0.675620, 0.100000
0.609610, 0.688023, 0.100000
0.595646, 0.700147, 0.100000
0.581441, 0.711988, 0.100000
0.567001, 0.723540, 0.100000
0.552331, 0.734800, 0.100000
0.537437, 0.745762, 0.100000
0.522326, 0.756423, 0.100000
0.507004, 0.766777, 0.100000
0.491476, 0.776821, 0.100000
0.475750, 0.786551, 0.100000
0.459831, 0.795962, 0.100000
0.443725, 0.805051, 0.100000
0.427441, 0.813815, 0.100000
0.410983, 0.822249, 0.100000
0.394359, 0.830350, 0.100000
0.377575, 0.838115, 0.100000
0.360639, 0.845541, 0.100000
0.343557, 0.852625, 0.100000
0.326335, 0.859363, 0.100000
0.308982, 0.865754, 0.100000
0.291503, 0.871795, 0.100000
0.273906, 0.877482, 0.100000
0.256199, 0.882815, 0.100000
0.238388, 0.887790, 0.100000
0.220480, 0.892406, 0.100000
0.202483, 0.896661, 0.100000
0.184405, 0.900553, 0.100000
0.166251, 0.904080, 0.100000
0.148031, 0.907241, 0.100000
0.129750, 0.910036, 0.100000
0.111417, 0.912462, 0.100000
0.093039, 0.914518, 0.100000
0.074623, 0.916205, 0.100000
0.056177, 0.917521, 0.100000
0.037708, 0.918465, 0.100000
0.019224, 0.919038, 0.100000
0.000732, 0.919239, 0.100000
-0.017760, 0.919067, 0.100000
-0.036245, 0.918524, 0.100000
-0.054715, 0.917609, 0.100000
-0.073163, 0.916323, 0.100000
-0.091582, 0.914665, 0.100000
-0.109963, 0.912638, 0.100000
-0.128300, 0.910241, 0.100000
-0.146585, 0.907476, 0.100000
-0.164811, 0.904344, 0.100000
-0.182970, 0.900845, 0.100000
-0.201055, 0.896982, 0.100000
-0.219059, 0.892756, 0.100000
-0.236974, 0.888169, 0.100000
-0.254793, 0.883222, 0.100000
-0.272509, 0.877918, 0.100000
-0.290114, 0.872258, 0.100000
-0.307602, 0.866245, 0.100000
-0.324966, 0.859882, 0.100000
-0.342198, 0.853171, 0.100000
-0.359292, 0.846114, 0.100000
-0.376240, 0.838715, 0.100000
-0.393036, 0.830977, 0.100000
-0.409673, 0.822902, 0.100000
-0.426144, 0.814494, 0.100000
-0.442443, 0.805757, 0.100000
-0.458562, 0.796694, 0.100000
-0.474496, 0.787308, 0.100000
-0.490238, 0.777603, 0.100000
-0.505782, 0.767584, 0.100000
-0.521121, 0.757254, 0.100000
-0.536249, 0.746617, 0.100000
-0.551160, 0.735679, 0.100000
-0.565848, 0.724442, 0.100000
-0.580306, 0.712913, 0.100000
-0.594530, 0.701095, 0.100000
-0.608514, 0.688993, 0.100000
-0.622251, 0.676612, 0.100000
-0.635736, 0.663958, 0.100000
-0.648964, 0.651034, 0.100000
-0.661929, 0.637848, 0.100000
-0.674627, 0.624403, 0.100000
-0.687051, 0.610705, 0.100000
-0.699197, 0.596761, 0.100000
-0.711061, 0.582574, 0.100000
-0.722636, 0.568152, 0.100000
-0.733919, 0.553500, 0.100000
-0.744905, 0.538624, 0.100000
-0.755590, 0.523530, 0.100000
-0.765969, 0.508224, 0.100000
-0.776037, 0.492713, 0.100000
-0.785792, 0.477002, 0.100000
-0.795229, 0.461098, 0.100000
-0.804344, 0.445007, 0.100000
-0.813133, 0.428737, 0.100000
-0.821593, 0.412292, 0.100000
-0.829721, 0.395681, 0.100000
-0.837513, 0.378910, 0.100000
-0.844966, 0.361985, 0.100000
-0.852076, 0.344914, 0.100000
-0.858843, 0.327703, 0.100000
-0.865261, 0.310360, 0.100000
-0.871329, 0.292891, 0.100000
-0.877045, 0.275304, 0.100000
-0.882406, 0.257605, 0.100000
-0.887409, 0.239802, 0.100000
-0.892054, 0.221901, 0.100000
-0.896337, 0.203911, 0.100000
-0.900258, 0.185839, 0.100000
-0.903814, 0.167691, 0.100000
-0.907004, 0.149475, 0.100000
-0.909828, 0.131199, 0.100000
-0.912283, 0.112870, 0.100000
-0.914369, 0.094495, 0.100000
-0.916085, 0.076082, 0.100000
-0.917430, 0.057638, 0.100000
-0.918404, 0.039171, 0.100000
-0.919006, 0.020688, 0.100000
-0.919236, 0.002196, 0.100000
-0.919094, -0.016296, 0.100000
-0.918581, -0.034782, 0.100000
-0.917695, -0.053254, 0.100000
-0.916438, -0.071704, 0.100000
-0.914810, -0.090125, 0.100000
-0.912812, -0.108510, 0.100000
-0.910444, -0.126850, 0.100000
-0.907708, -0.145140, 0.100000
-0.904605, -0.163371, 0.100000
-0.901135, -0.181535, 0.100000
-0.897301, -0.199626, 0.100000
-0.893104, -0.217636, 0.100000
-0.888545, -0.235559, 0.100000
-0.883626, -0.253386, 0.100000
-0.878350, -0.271110, 0.100000
-0.872719, -0.288724, 0.100000
-0.866734, -0.306222, 0.100000
-0.860398, -0.323596, 0.100000
-0.853715, -0.340839, 0.100000
-0.846685, -0.357944, 0.100000
-0.839313, -0.374904, 0.100000
-0.831602, -0.391712, 0.100000
-0.823554, -0.408362, 0.100000
-0.815172, -0.424846, 0.100000
-0.806461, -0.441159, 0.100000
-0.797423, -0.457293, 0.100000
-0.788062, -0.473242, 0.100000
-0.778383, -0.488999, 0.100000
-0.768388, -0.504559, 0.100000
-0.758083, -0.519914, 0.100000
-0.747470, -0.535059, 0.100000
-0.736555, -0.549987, 0.100000
-0.725343, -0.564693, 0.100000
-0.713836, -0.579170, 0.100000
-0.702041, -0.593413, 0.100000
-0.689961, -0.607415, 0.100000
-0.677602, -0.621172, 0.100000
-0.664969, -0.634678, 0.100000
-0.652067, -0.647926, 0.100000
-0.638901, -0.660912, 0.100000
-0.625476, -0.673631, 0.100000
-0.611799, -0.686077, 0.100000
-0.597873, -0.698246, 0.100000
-0.583706, -0.710132, 0.100000
-0.569302, -0.721730, 0.100000
-0.554668, -0.733037, 0.100000
-0.539810, -0.744046, 0.100000
-0.524733, -0.754755, 0.100000
-0.509444, -0.765158, 0.100000
-0.493948, -0.775252, 0.100000
-0.478253, -0.785031, 0.100000
-0.462364, -0.794493, 0.100000
-0.446288, -0.803634, 0.100000
-0.430031, -0.812449, 0.100000
-0.413600, -0.820935, 0.100000
-0.397002, -0.829089, 0.100000
-0.380243, -0.836908, 0.100000
-0.363330, -0.844388, 0.100000
-0.346271, -0.851526, 0.100000
-0.329071, -0.858319, 0.100000
-0.311738, -0.864766, 0.100000
-0.294278, -0.870862, 0.100000
-0.276700, -0.876605, 0.100000
-0.259010, -0.881994, 0.100000
-0.241215, -0.887026, 0.100000
-0.223322, -0.891699, 0.100000
-0.205339, -0.896011, 0.100000
-0.187272, -0.899961, 0.100000
-0.169130, -0.903546, 0.100000
-0.150920, -0.906765, 0.100000
-0.132648, -0.909618, 0.100000
-0.114323, -0.912102, 0.100000
-0.095951, -0.914217, 0.100000
-0.077541, -0.915963, 0.100000
-0.059099, -0.917337, 0.100000
-0.040633, -0.918340, 0.100000
-0.022151, -0.918972, 0.100000
-0.003660, -0.919231, 0.100000
0.014833, -0.919119, 0.100000
0.033319, -0.918635, 0.100000
0.051792, -0.917779, 0.100000
0.070244, -0.916551, 0.100000
0.088668, -0.914952, 0.100000
0.107056, -0.912984, 0.100000
0.125400, -0.910645, 0.100000
0.143694, -0.907938, 0.100000
0.161930, -0.904864, 0.100000
0.180100, -0.901423, 0.100000
0.198197, -0.897618, 0.100000
0.216214, -0.893449, 0.100000
0.234143, -0.888919, 0.100000
0.251978, -0.884029, 0.100000
0.269711, -0.878781, 0.100000
0.287334, -0.873178, 0.100000
0.304842, -0.867221, 0.100000
0.322225, -0.860913, 0.100000
0.339479, -0.854256, 0.100000
0.356595, -0.847254, 0.100000
0.373567, -0.839909, 0.100000
0.390387, -0.832225, 0.100000
0.407050, -0.824203, 0.100000
0.423548, -0.815848, 0.100000
0.439874, -0.807162, 0.100000
0.456022, -0.798150, 0.100000
0.471986, -0.788815, 0.100000
0.487759, -0.779160, 0.100000
0.503334, -0.769191, 0.100000
0.518706, -0.758910, 0.100000
0.533868, -0.748321, 0.100000
0.548814, -0.737430, 0.100000
0.563537, -0.726241, 0.100000
0.578033, -0.714757, 0.100000
0.592294, -0.702985, 0.100000
0.606316, -0.690928, 0.100000
0.620092, -0.678591, 0.100000
0.633618, -0.665979, 0.100000
0.646887, -0.653098, 0.100000
0.659894, -0.639953, 0.100000
0.672634, -0.626548, 0.100000
0.685102, -0.612890, 0.100000
0.697293, -0.598984, 0.100000
0.709201, -0.584836, 0.100000
0.720823, -0.570451, 0.100000
0.732152, -0.555835, 0.100000
0.743186, -0.540994, 0.100000
0.753918, -0.525934, 0.100000
0.764346, -0.510661, 0.100000
0.774464, -0.495182, 0.100000
0.784269, -0.479502, 0.100000
0.793756, -0.463628, 0.100000
0.802922, -0.447567, 0.100000
0.811763, -0.431324, 0.100000
0.820275, -0.414907, 0.100000
0.828456, -0.398322, 0.100000
0.836301, -0.381575, 0.100000
0.843808, -0.364675, 0.100000
0.850973, -0.347626, 0.100000
0.857794, -0.330437, 0.100000
0.864268, -0.313114, 0.100000
0.870392, -0.295665, 0.100000
0.876163, -0.278096, 0.100000
0.881580, -0.260414, 0.100000
0.886641, -0.242627, 0.100000
0.891342, -0.224742, 0.100000
0.895683, -0.206765, 0.100000
0.899661, -0.188705, 0.100000
0.903275, -0.170569, 0.100000
0.906524, -0.152364, 0.100000
0.909405, -0.134097, 0.100000
0.911919, -0.115775, 0.100000
0.914063, -0.097407, 0.100000
0.915838, -0.078999, 0.100000
0.917242, -0.060560, 0.100000
0.918274, -0.042096, 0.100000
0.918935, -0.023615, 0.100000
0.919224, -0.005124, 0.100000
0.919141, 0.013369, 0.100000
0.918686, 0.031856, 0.100000
0.917860, 0.050330, 0.100000
0.916662, 0.068784, 0.100000
0.915092, 0.087211, 0.100000
0.913153, 0.105602, 0.100000
0.910844, 0.123950, 0.100000
0.908166, 0.142248, 0.100000
0.905120, 0.160488, 0.100000
0.901709, 0.178664, 0.100000
0.897932, 0.196767, 0.100000
0.893792, 0.214791, 0.100000
0.889290, 0.232727, 0.100000
0.884429, 0.250570, 0.100000
0.879209, 0.268311, 0.100000
0.873634, 0.285943, 0.100000
0.867705, 0.303460, 0.100000
0.861425, 0.320854, 0.100000
0.854796, 0.338118, 0.100000
0.847821, 0.355245, 0.100000
0.840503, 0.372228, 0.100000
0.832845, 0.389061, 0.100000
0.824850, 0.405736, 0.100000
0.816521, 0.422248, 0.100000
0.807862, 0.438588, 0.100000
0.798875, 0.454750, 0.100000
0.789565, 0.470729, 0.100000
0.779936, 0.486517, 0.100000
0.769991, 0.502108, 0.100000
0.759735, 0.517496, 0.100000
0.749171, 0.532675, 0.100000
0.738303, 0.547638, 0.100000
0.727137, 0.562379, 0.100000
0.715677, 0.576893, 0.100000
0.703927, 0.591173, 0.100000
0.691892, 0.605214, 0.100000
0.679577, 0.619011, 0.100000
0.666987, 0.632556, 0.100000
0.654128, 0.645846, 0.100000
0.641003, 0.658874, 0.100000
0.627619, 0.671635, 0.100000
0.613981, 0.684125, 0.100000
0.600094, 0.696338, 0.100000
0.585965, 0.708269, 0.100000
0.571598, 0.719913, 0.100000
0.557001, 0.731266, 0.100000
0.542177, 0.742323, 0.100000
0.527134, 0.753079, 0.100000
0.511878, 0.763531, 0.100000
0.496415, 0.773674, 0.100000
0.480751, 0.783504, 0.100000
0.464892, 0.793016, 0.100000
0.448845, 0.802208, 0.100000
0.432617, 0.811075, 0.100000
0.416213, 0.819613, 0.100000
0.399641, 0.827820, 0.100000
0.382907, 0.835692, 0.100000
0.366018, 0.843226, 0.100000
0.348981, 0.850418, 0.100000
0.331803, 0.857267, 0.100000
0.314491, 0.863768, 0.100000
0.297051, 0.869920, 0.100000
0.279491, 0.875719, 0.100000
0.261818, 0.881164, 0.100000
0.244039, 0.886253, 0.100000
0.226161, 0.890983, 0.100000
0.208192, 0.895352, 0.100000
0.190138, 0.899359, 0.100000
0.172008, 0.903002, 0.100000
0.153807, 0.906280, 0.100000
0.135545, 0.909190, 0.100000
0.117228, 0.911733, 0.100000
0.098863, 0.913907, 0.100000
0.080458, 0.915711, 0.100000
0.062021, 0.917144, 0.100000
0.043559, 0.918206, 0.100000
0.025079, 0.918896, 0.100000
0.006588, 0.919215, 0.100000
-0.011905, 0.919161, 0.100000
-0.030393, 0.918736, 0.100000
-0.048868, 0.917939, 0.100000
-0.067324, 0.916770, 0.100000
-0.085753, 0.915230, 0.100000
-0.104147, 0.913320, 0.100000
-0.122499, 0.911040, 0.100000
-0.140801, 0.908391, 0.100000
-0.159046, 0.905375, 0.100000
-0.177227, 0.901992, 0.100000
-0.195336, 0.898244, 0.100000
-0.213367, 0.894133, 0.100000
-0.231310, 0.889660, 0.100000
-0.249160, 0.884827, 0.100000
-0.266910, 0.879635, 0.100000
-0.284551, 0.874088, 0.100000
-0.302077, 0.868187, 0.100000
-0.319481, 0.861934, 0.100000
-0.336756, 0.855333, 0.100000
-0.353894, 0.848386, 0.100000
-0.370889, 0.841095, 0.100000
-0.387734, 0.833464, 0.100000
-0.404422, 0.825495, 0.100000
-0.420946, 0.817192, 0.100000
-0.437300, 0.808559, 0.100000
-0.453477, 0.799598, 0.100000
-0.469471, 0.790314, 0.100000
-0.485274, 0.780710, 0.100000
-0.500881, 0.770790, 0.100000
-0.516286, 0.760558, 0.100000
-0.531481, 0.750018, 0.100000
-0.546461, 0.739175, 0.100000
-0.561220, 0.728032, 0.100000
-0.575752, 0.716595, 0.100000
-0.590051, 0.704868, 0.100000
-0.604111, 0.692855, 0.100000
-0.617927, 0.680562, 0.100000
-0.631493, 0.667994, 0.100000
-0.644803, 0.655155, 0.100000
-0.657852, 0.642052, 0.100000
-0.670635, 0.628688, 0.100000
-0.683146, 0.615070, 0.100000
-0.695381, 0.601203, 0.100000
-0.707334, 0.587092, 0.100000
-0.719002, 0.572744, 0.100000
-0.730378, 0.558165, 0.100000
-0.741458, 0.543359, 0.100000
-0.752239, 0.528333, 0.100000
-0.762715, 0.513094, 0.100000
-0.772882, 0.497647, 0.100000
-0.782737, 0.481998, 0.100000
-0.792275, 0.466155, 0.100000
-0.801492, 0.450122, 0.100000
-0.810385, 0.433908, 0.100000
-0.818949, 0.417518, 0.100000
-0.827183, 0.400959, 0.100000
-0.835081, 0.384238, 0.100000
-0.842642, 0.367361, 0.100000
-0.849861, 0.350336, 0.100000
-0.856737, 0.333168, 0.100000
-0.863266, 0.315866, 0.100000
-0.869445, 0.298436, 0.100000
-0.875273, 0.280886, 0.100000
-0.880746, 0.263221, 0.100000
-0.885863, 0.245450, 0.100000
-0.890622, 0.227580, 0.100000
-0.895019, 0.209618, 0.100000
-0.899055, 0.191570, 0.100000
-0.902727, 0.173446, 0.100000
-0.906033, 0.155251, 0.100000
-0.908973, 0.136993, 0.100000
-0.911545, 0.118680, 0.100000
-0.913748, 0.100319, 0.100000
-0.915581, 0.081917, 0.100000
-0.917044, 0.063482, 0.100000
-0.918135, 0.045021, 0.100000
-0.918855, 0.026542, 0.100000
-0.919203, 0.008052, 0.100000
-0.919179, -0.010440, 0.100000
-0.918783, -0.028929, 0.100000
-0.918015, -0.047406, 0.100000
-0.916876, -0.065864, 0.100000
-0.915365, -0.084295, 0.100000
-0.913484, -0.102692, 0.100000
-0.911234, -0.121047, 0.100000
-0.908614, -0.139354, 0.100000
-0.905627, -0.157604, 0.100000
-0.902273, -0.175790, 0.100000
-0.898555, -0.193905, 0.100000
-0.894472, -0.211942, 0.100000
-0.890027, -0.229893, 0.100000
-0.885223, -0.247751, 0.100000
-0.880060, -0.265508, 0.100000
-0.874540, -0.283158, 0.100000
-0.868667, -0.300694, 0.100000
-0.862442, -0.318108, 0.100000
-0.855869, -0.335393, 0.100000
-0.848948, -0.352542, 0.100000
-0.841685, -0.369549, 0.100000
-0.834080, -0.386406, 0.100000
-0.826138, -0.403107, 0.100000
-0.817862, -0.419644, 0.100000
-0.809255, -0.436012, 0.100000
-0.800320, -0.452203, 0.100000
-0.791061, -0.468211, 0.100000
-0.781482, -0.484030, 0.100000
-0.771587, -0.499653, 0.100000
-0.761379, -0.515074, 0.100000
-0.750864, -0.530286, 0.100000
-0.740044, -0.545283, 0.100000
-0.728925, -0.560060, 0.100000
-0.717511, -0.574610, 0.100000
-0.705807, -0.588928, 0.100000
-0.693817, -0.603007, 0.100000
-0.681546, -0.616843, 0.100000
-0.668999, -0.630428, 0.100000
-0.656182, -0.643759, 0.100000
-0.643099, -0.656828, 0.100000
-0.629755, -0.669633, 0.100000
-0.616157, -0.682166, 0.100000
-0.602309, -0.694423, 0.100000
-0.588218, -0.706399, 0.100000
-0.573889, -0.718089, 0.100000
-0.559327, -0.729488, 0.100000
-0.544539, -0.740592, 0.100000
-0.529531, -0.751397, 0.100000
-0.514308, -0.761897, 0.100000
-0.498877, -0.772089, 0.100000
-0.483244, -0.781968, 0.100000
-0.467416, -0.791531, 0.100000
-0.451398, -0.800774, 0.100000
-0.435198, -0.809693, 0.100000
-0.418822, -0.818283, 0.100000
-0.402276, -0.826543, 0.100000
-0.385567, -0.834468, 0.100000
-0.368703, -0.842056, 0.100000
-0.351689, -0.849302, 0.100000
-0.334532, -0.856205, 0.100000
-0.317241, -0.862762, 0.100000
-0.299821, -0.868969, 0.100000
-0.282279, -0.874825, 0.100000
-0.264624, -0.880326, 0.100000
-0.246861, -0.885471, 0.100000
-0.228998, -0.890258, 0.100000
-0.211043, -0.894685, 0.100000
-0.193002, -0.898749, 0.100000
-0.174883, -0.902450, 0.100000
-0.156694, -0.905785, 0.100000
-0.138441, -0.908754, 0.100000


0.300000, 0.300000, 0.100000
0.293773, 0.306101, 0.100000
0.287421, 0.312072, 0.100000
0.280949, 0.317912, 0.100000
0.274357, 0.323617, 0.100000
0.267650, 0.329186, 0.100000
0.260830, 0.334616, 0.100000
0.253900, 0.339904, 0.100000
0.246862, 0.345049, 0.100000
0.239721, 0.350049, 0.100000
0.232478, 0.354900, 0.100000
0.225137, 0.359602, 0.100000
0.217700, 0.364152, 0.100000
0.210172, 0.368548, 0.100000
0.202556, 0.372788, 0.100000
0.194853, 0.376872, 0.100000
0.187069, 0.380796, 0.100000
0.179205, 0.384559, 0.100000
0.171266, 0.388160, 0.100000
0.163254, 0.391597, 0.100000
0.155174, 0.394868, 0.100000
0.147028, 0.397973, 0.100000
0.138820, 0.400910, 0.100000
0.130553, 0.403678, 0.100000
0.122232, 0.406275, 0.100000
0.113858, 0.408701, 0.100000
0.105437, 0.410954, 0.100000
0.096971, 0.413033, 0.100000
0.088464, 0.414939, 0.100000
0.079920, 0.416669, 0.100000
0.071342, 0.418223, 0.100000
0.062734, 0.419600, 0.100000
0.054099, 0.420801, 0.100000
0.045442, 0.421823, 0.100000
0.036765, 0.422668, 0.100000
0.028073, 0.423334, 0.100000
0.019369, 0.423822, 0.100000
0.010657, 0.424130, 0.100000
0.001940, 0.424260, 0.100000
-0.006778, 0.424210, 0.100000
-0.015492, 0.423981, 0.100000
-0.024200, 0.423573, 0.100000
-0.032898, 0.422987, 0.100000
-0.041582, 0.422221, 0.100000
-0.050249, 0.421278, 0.100000
-0.058894, 0.420157, 0.100000
-0.067514, 0.418858, 0.100000
-0.076106, 0.417382, 0.100000
-0.084666, 0.415730, 0.100000
-0.093190, 0.413903, 0.100000
-0.101674, 0.411901, 0.100000
-0.110116, 0.409725, 0.100000
-0.118511, 0.407376, 0.100000
-0.126856, 0.404855, 0.100000
-0.135148, 0.402163, 0.100000
-0.143383, 0.399301, 0.100000
-0.151557, 0.396271, 0.100000
-0.159667, 0.393073, 0.100000
-0.167709, 0.389710, 0.100000
-0.175681, 0.386181, 0.100000
-0.183579, 0.382490, 0.100000
-0.191399, 0.378638, 0.100000
-0.199138, 0.374625, 0.100000
-0.206793, 0.370454, 0.100000
-0.214361, 0.366127, 0.100000
-0.221839, 0.361646, 0.100000
-0.229223, 0.357011, 0.100000
-0.236509, 0.352226, 0.100000
-0.243697, 0.347292, 0.100000
-0.250781, 0.342212, 0.100000
-0.257759, 0.336987, 0.100000
-0.264629, 0.331620, 0.100000
-0.271387, 0.326112, 0.100000
-0.278030, 0.320468, 0.100000
-0.284556, 0.314687, 0.100000
-0.290961, 0.308774, 0.100000
-0.297244, 0.302731, 0.100000
-0.303401, 0.296560, 0.100000
-0.309431, 0.290263, 0.100000
-0.315329, 0.283844, 0.100000
-0.321095, 0.277305, 0.100000
-0.326725, 0.270649, 0.100000
-0.332217, 0.263879, 0.100000
-0.337568, 0.256997, 0.100000
-0.342777, 0.250007, 0.100000
-0.347842, 0.242912, 0.100000
-0.352759, 0.235713, 0.100000
-0.357528, 0.228416, 0.100000
-0.362146, 0.221021, 0.100000
-0.366610, 0.213534, 0.100000
-0.370921, 0.205956, 0.100000
-0.375074, 0.198291, 0.100000
-0.379069, 0.190543, 0.100000
-0.382904, 0.182714, 0.100000
-0.386577, 0.174808, 0.100000
-0.390087, 0.166829, 0.100000
-0.393433, 0.158778, 0.100000
-0.396612, 0.150661, 0.100000
-0.399624, 0.142480, 0.100000
-0.402467, 0.134239, 0.100000
-0.405140, 0.125942, 0.100000
-0.407642, 0.117591, 0.100000
-0.409972, 0.109190, 0.100000
-0.412129, 0.100744, 0.100000
-0.414112, 0.092255, 0.100000
-0.415920, 0.083727, 0.100000
-0.417553, 0.075163, 0.100000
-0.419009, 0.066568, 0.100000
-0.420288, 0.057945, 0.100000
-0.421390, 0.049297, 0.100000
-0.422314, 0.040628, 0.100000
-0.423060, 0.031943, 0.100000
-0.423627, 0.023244, 0.100000
-0.424015, 0.014535, 0.100000
-0.424224, 0.005819, 0.100000
-0.424254, -0.002898, 0.100000
-0.424105, -0.011614, 0.100000
-0.423777, -0.020326, 0.100000
-0.423270, -0.029029, 0.100000
-0.422584, -0.037719, 0.100000
-0.421720, -0.046394, 0.100000
-0.420677, -0.055049, 0.100000
-0.419458, -0.063681, 0.100000
-0.418061, -0.072286, 0.100000
-0.416487, -0.080861, 0.100000
-0.414738, -0.089401, 0.100000
-0.412813, -0.097903, 0.100000
-0.410715, -0.106365, 0.100000
-0.408442, -0.114781, 0.100000
-0.405998, -0.123149, 0.100000
-0.403382, -0.131465, 0.100000
-0.400596, -0.139725, 0.100000
-0.397640, -0.147927, 0.100000
-0.394517, -0.156065, 0.100000
-0.391227, -0.164139, 0.100000
-0.387772, -0.172142, 0.100000
-0.384153, -0.180073, 0.100000
-0.380372, -0.187928, 0.100000
-0.376430, -0.195704, 0.100000
-0.372330, -0.203397, 0.100000
-0.368072, -0.211004, 0.100000
-0.363659, -0.218522, 0.100000
-0.359092, -0.225948, 0.100000
-0.354374, -0.233279, 0.100000
-0.349506, -0.240511, 0.100000
-0.344491, -0.247641, 0.100000
-0.339330, -0.254667, 0.100000
-0.334026, -0.261585, 0.100000
-0.328580, -0.268393, 0.100000
-0.322997, -0.275087, 0.100000
-0.317276, -0.281666, 0.100000
-0.311422, -0.288125, 0.100000
-0.305436, -0.294463, 0.100000
-0.299322, -0.300677, 0.100000
-0.293081, -0.306763, 0.100000
-0.286716, -0.312720, 0.100000
-0.280230, -0.318545, 0.100000
-0.273626, -0.324236, 0.100000
-0.266906, -0.329789, 0.100000
-0.260074, -0.335204, 0.100000
-0.253131, -0.340477, 0.100000
-0.246082, -0.345606, 0.100000
-0.238929, -0.350589, 0.100000
-0.231675, -0.355424, 0.100000
-0.224324, -0.360109, 0.100000
-0.216877, -0.364642, 0.100000
-0.209339, -0.369022, 0.100000
-0.201713, -0.373245, 0.100000
-0.194002, -0.377311, 0.100000
-0.186208, -0.381217, 0.100000
-0.178336, -0.384962, 0.100000
-0.170389, -0.388545, 0.100000
-0.162370, -0.391964, 0.100000
-0.154282, -0.395218, 0.100000
-0.146129, -0.398304, 0.100000
-0.137914, -0.401223, 0.100000
-0.129641, -0.403972, 0.100000
-0.121314, -0.406550, 0.100000
-0.112935, -0.408957, 0.100000
-0.104508, -0.411191, 0.100000
-0.096038, -0.413251, 0.100000
-0.087527, -0.415137, 0.100000
-0.078978, -0.416848, 0.100000
-0.070397, -0.418383, 0.100000
-0.061786, -0.419741, 0.100000
-0.053148, -0.420922, 0.100000
-0.044489, -0.421925, 0.100000
-0.035810, -0.422750, 0.100000
-0.027117, -0.423396, 0.100000
-0.018411, -0.423864, 0.100000
-0.009699, -0.424153, 0.100000
-0.000982, -0.424263, 0.100000
0.007736, -0.424193, 0.100000
0.016450, -0.423945, 0.100000
0.025157, -0.423517, 0.100000
0.033854, -0.422911, 0.100000
0.042536, -0.422126, 0.100000
0.051200, -0.421163, 0.100000
0.059843, -0.420022, 0.100000
0.068460, -0.418704, 0.100000
0.077049, -0.417209, 0.100000
0.085605, -0.415538, 0.100000
0.094124, -0.413691, 0.100000
0.102604, -0.411670, 0.100000
0.111041, -0.409475, 0.100000
0.119431, -0.407107, 0.100000
0.127771, -0.404567, 0.100000
0.136056, -0.401856, 0.100000
0.144284, -0.398976, 0.100000
0.152451, -0.395927, 0.100000
0.160554, -0.392711, 0.100000
0.168589, -0.389330, 0.100000
0.176553, -0.385784, 0.100000
0.184442, -0.382075, 0.100000
0.192253, -0.378204, 0.100000
0.199984, -0.374174, 0.100000
0.207630, -0.369986, 0.100000
0.215188, -0.365642, 0.100000
0.222655, -0.361143, 0.100000
0.230028, -0.356492, 0.100000
0.237304, -0.351691, 0.100000
0.244480, -0.346741, 0.100000
0.251553, -0.341644, 0.100000
0.258520, -0.336404, 0.100000
0.265377, -0.331021, 0.100000
0.272122, -0.325499, 0.100000
0.278753, -0.319839, 0.100000
0.285265, -0.314044, 0.100000
0.291658, -0.308116, 0.100000
0.297927, -0.302059, 0.100000
0.304070, -0.295873, 0.100000
0.310085, -0.289563, 0.100000
0.315969, -0.283131, 0.100000
0.321720, -0.276579, 0.100000
0.327335, -0.269911, 0.100000
0.332812, -0.263128, 0.100000
0.338148, -0.256234, 0.100000
0.343341, -0.249232, 0.100000
0.348389, -0.242125, 0.100000
0.353291, -0.234916, 0.100000
0.358043, -0.227607, 0.100000
0.362644, -0.220203, 0.100000
0.367092, -0.212705, 0.100000
0.371385, -0.205118, 0.100000
0.375521, -0.197444, 0.100000
0.379498, -0.189687, 0.100000
0.383316, -0.181849, 0.100000
0.386971, -0.173935, 0.100000
0.390463, -0.165947, 0.100000
0.393790, -0.157889, 0.100000
0.396951, -0.149765, 0.100000
0.399945, -0.141577, 0.100000
0.402769, -0.133330, 0.100000
0.405424, -0.125026, 0.100000
0.407907, -0.116670, 0.100000
0.410218, -0.108264, 0.100000
0.412356, -0.099813, 0.100000
0.414320, -0.091319, 0.100000
0.416108, -0.082787, 0.100000
0.417722, -0.074220, 0.100000
0.419158, -0.065622, 0.100000
0.420418, -0.056995, 0.100000
0.421500, -0.048345, 0.100000
0.422405, -0.039675, 0.100000
0.423131, -0.030987, 0.100000
0.423678, -0.022287, 0.100000
0.424047, -0.013577, 0.100000
0.424236, -0.004861, 0.100000
0.424246, 0.003856, 0.100000
0.424078, 0.012572, 0.100000
0.423730, 0.021283, 0.100000
0.423203, 0.029985, 0.100000
0.422498, 0.038674, 0.100000
0.421614, 0.047346, 0.100000
0.420552, 0.055999, 0.100000
0.419313, 0.064628, 0.100000
0.417896, 0.073230, 0.100000
0.416303, 0.081801, 0.100000
0.414535, 0.090337, 0.100000
0.412591, 0.098836, 0.100000
0.410473, 0.107292, 0.100000
0.408182, 0.115703, 0.100000
0.405719, 0.124066, 0.100000
0.403084, 0.132375, 0.100000
0.400279, 0.140630, 0.100000
0.397305, 0.148824, 0.100000
0.394163, 0.156956, 0.100000
0.390855, 0.165022, 0.100000
0.387382, 0.173018, 0.100000
0.383745, 0.180940, 0.100000
0.379947, 0.188787, 0.100000
0.375987, 0.196554, 0.100000
0.371870, 0.204237, 0.100000
0.367595, 0.211835, 0.100000
0.363165, 0.219343, 0.100000
0.358581, 0.226759, 0.100000
0.353846, 0.234078, 0.100000
0.348962, 0.241299, 0.100000
0.343931, 0.248418, 0.100000
0.338754, 0.255432, 0.100000
0.333434, 0.262339, 0.100000
0.327973, 0.269134, 0.100000
0.322374, 0.275816, 0.100000
0.316639, 0.282382, 0.100000
0.310770, 0.288828, 0.100000
0.304770, 0.295152, 0.100000
0.298642, 0.301352, 0.100000
0.292387, 0.307424, 0.100000
0.286009, 0.313367, 0.100000
0.279510, 0.319177, 0.100000
0.272893, 0.324853, 0.100000
0.266160, 0.330391, 0.100000
0.259316, 0.335790, 0.100000
0.252362, 0.341048, 0.100000
0.245301, 0.346161, 0.100000
0.238137, 0.351128, 0.100000
0.230872, 0.355947, 0.100000
0.223510, 0.360615, 0.100000
0.216053, 0.365131, 0.100000
0.208505, 0.369493, 0.100000
0.200870, 0.373699, 0.100000
0.193149, 0.377748, 0.100000
0.185347, 0.381637, 0.100000
0.177466, 0.385364, 0.100000
0.169511, 0.388929, 0.100000
0.161484, 0.392330, 0.100000
0.153389, 0.395565, 0.100000
0.145229, 0.398633, 0.100000
0.137008, 0.401533, 0.100000
0.128729, 0.404263, 0.100000
0.120395, 0.406823, 0.100000
0.112011, 0.409211, 0.100000
0.103579, 0.411426, 0.100000
0.095104, 0.413467, 0.100000
0.086589, 0.415334, 0.100000
0.078037, 0.417025, 0.100000
0.069452, 0.418541, 0.100000
0.060838, 0.419879, 0.100000
0.052198, 0.421041, 0.100000
0.043536, 0.422024, 0.100000
0.034855, 0.422830, 0.100000
0.026160, 0.423457, 0.100000
0.017454, 0.423905, 0.100000
0.008741, 0.424174, 0.100000
0.000024, 0.424264, 0.100000
-0.008694, 0.424175, 0.100000
-0.017407, 0.423907, 0.100000
-0.026113, 0.423459, 0.100000
-0.034808, 0.422834, 0.100000
-0.043489, 0.422029, 0.100000
-0.052151, 0.421046, 0.100000
-0.060791, 0.419886, 0.100000
-0.069405, 0.418548, 0.100000
-0.077991, 0.417034, 0.100000
-0.086543, 0.415343, 0.100000
-0.095058, 0.413478, 0.100000
-0.103534, 0.411437, 0.100000
-0.111966, 0.409223, 0.100000
-0.120350, 0.406836, 0.100000
-0.128684, 0.404278, 0.100000
-0.136963, 0.401548, 0.100000
-0.145185, 0.398649, 0.100000
-0.153345, 0.395582, 0.100000
-0.161440, 0.392348, 0.100000
-0.169468, 0.388948, 0.100000
-0.177424, 0.385384, 0.100000
-0.185304, 0.381657, 0.100000
-0.193107, 0.377769, 0.100000
-0.200828, 0.373722, 0.100000
-0.208464, 0.369516, 0.100000
-0.216013, 0.365155, 0.100000
-0.223470, 0.360640, 0.100000
-0.230833, 0.355972, 0.100000
-0.238098, 0.351154, 0.100000
-0.245263, 0.346188, 0.100000
-0.252324, 0.341075, 0.100000
-0.259279, 0.335819, 0.100000
-0.266124, 0.330421, 0.100000
-0.272857, 0.324883, 0.100000
-0.279474, 0.319208, 0.100000
-0.285974, 0.313399, 0.100000
-0.292353, 0.307457, 0.100000
-0.298608, 0.301385, 0.100000
-0.304738, 0.295186, 0.100000
-0.310738, 0.288862, 0.100000
-0.316608, 0.282417, 0.100000
-0.322344, 0.275852, 0.100000
-0.327944, 0.269171, 0.100000
-0.333405, 0.262376, 0.100000
-0.338725, 0.255470, 0.100000
-0.343903, 0.248456, 0.100000
-0.348935, 0.241338, 0.100000
-0.353820, 0.234117, 0.100000
-0.358556, 0.226798, 0.100000
-0.363140, 0.219383, 0.100000
-0.367571, 0.211876, 0.100000
-0.371847, 0.204279, 0.100000
-0.375966, 0.196595, 0.100000
-0.379926, 0.188829, 0.100000
-0.383725, 0.180983, 0.100000
-0.387363, 0.173060, 0.100000
-0.390837, 0.165065, 0.100000
-0.394146, 0.157000, 0.100000
-0.397288, 0.148868, 0.100000
-0.400263, 0.140674, 0.100000
-0.403069, 0.132420, 0.100000
-0.405705, 0.124110, 0.100000
-0.408169, 0.115748, 0.100000
-0.410461, 0.107337, 0.100000
-0.412580, 0.098881, 0.100000
-0.414525, 0.090383, 0.100000
-0.416294, 0.081847, 0.100000
-0.417888, 0.073276, 0.100000
-0.419305, 0.064675, 0.100000
-0.420546, 0.056046, 0.100000
-0.421608, 0.047393, 0.100000
-0.422493, 0.038721, 0.100000
-0.423200, 0.030032, 0.100000
-0.423727, 0.021330, 0.100000
-0.424076, 0.012619, 0.100000
-0.424246, 0.003903, 0.100000
-0.424237, -0.004814, 0.100000
-0.424048, -0.013530, 0.100000
-0.423681, -0.022240, 0.100000
-0.423134, -0.030940, 0.100000
-0.422409, -0.039628, 0.100000
-0.421506, -0.048298, 0.100000
-0.420424, -0.056949, 0.100000
-0.419166, -0.065575, 0.100000
-0.417730, -0.074174, 0.100000
-0.416117, -0.082741, 0.100000
-0.414330, -0.091273, 0.100000
-0.412367, -0.099767, 0.100000
-0.410230, -0.108219, 0.100000
-0.407920, -0.116625, 0.100000
-0.405437, -0.124981, 0.100000
-0.402784, -0.133285, 0.100000
-0.399960, -0.141533, 0.100000
-0.396968, -0.149721, 0.100000
-0.393808, -0.157846, 0.100000
-0.390481, -0.165904, 0.100000
-0.386990, -0.173892, 0.100000
-0.383336, -0.181807, 0.100000
-0.379519, -0.189644, 0.100000
-0.375543, -0.197402, 0.100000
-0.371407, -0.205077, 0.100000
-0.367115, -0.212665, 0.100000
-0.362668, -0.220163, 0.100000
-0.358068, -0.227568, 0.100000
-0.353317, -0.234877, 0.100000
-0.348416, -0.242087, 0.100000
-0.343369, -0.249194, 0.100000
-0.338176, -0.256197, 0.100000
-0.332841, -0.263091, 0.100000
-0.327365, -0.269874, 0.100000
-0.321751, -0.276544, 0.100000
-0.316001, -0.283096, 0.100000
-0.310117, -0.289529, 0.100000
-0.304103, -0.295840, 0.100000
-0.297960, -0.302026, 0.100000
-0.291692, -0.308084, 0.100000
-0.285300, -0.314012, 0.100000
-0.278788, -0.319808, 0.100000
-0.272158, -0.325468, 0.100000
-0.265414, -0.330992, 0.100000
-0.258557, -0.336375, 0.100000
-0.251591, -0.341617, 0.100000
-0.244519, -0.346714, 0.100000
-0.237343, -0.351665, 0.100000
-0.230068, -0.356467, 0.100000
-0.222695, -0.361119, 0.100000
-0.215228, -0.365618, 0.100000
-0.207671, -0.369963, 0.100000
-0.200025, -0.374152, 0.100000
-0.192295, -0.378183, 0.100000
-0.184484, -0.382054, 0.100000
-0.176596, -0.385764, 0.100000
-0.168632, -0.389311, 0.100000
-0.160598, -0.392694, 0.100000
-0.152495, -0.395910, 0.100000
-0.144328, -0.398960, 0.100000
-0.136101, -0.401841, 0.100000
-0.127815, -0.404553, 0.100000
-0.119476, -0.407094, 0.100000
-0.111087, -0.409463, 0.100000
-0.102650, -0.411659, 0.100000
-0.094170, -0.413681, 0.100000
-0.085651, -0.415528, 0.100000
-0.077095, -0.417200, 0.100000
-0.068507, -0.418696, 0.100000
-0.059889, -0.420016, 0.100000
-0.051247, -0.421157, 0.100000
-0.042583, -0.422121, 0.100000
-0.033900, -0.422907, 0.100000
-0.025204, -0.423515, 0.100000
-0.016497, -0.423943, 0.100000
-0.007783, -0.424192, 0.100000
0.000935, -0.424263, 0.100000
0.009652, -0.424154, 0.100000
0.018364, -0.423866, 0.100000
0.027070, -0.423399, 0.100000


0.500000, 0.000000, 0.000000
0.499900, 0.009999, 0.000000
0.499600, 0.019995, 0.000000
0.499100, 0.029982, 0.000000
0.498401, 0.039957, 0.000000
0.497502, 0.049917, 0.000000
0.496404, 0.059856, 0.000000
0.495108, 0.069772, 0.000000
0.493614, 0.079659, 0.000000
0.491922, 0.089515, 0.000000
0.490033, 0.099335, 0.000000
0.487949, 0.109115, 0.000000
0.485669, 0.118851, 0.000000
0.483195, 0.128540, 0.000000
0.480528, 0.138178, 0.000000
0.477668, 0.147760, 0.000000
0.474618, 0.157283, 0.000000
0.471377, 0.166744, 0.000000
0.467948, 0.176137, 0.000000
0.464332, 0.185460, 0.000000
0.460531, 0.194709, 0.000000
0.456544, 0.203880, 0.000000
0.452376, 0.212970, 0.000000
0.448026, 0.221974, 0.000000
0.443497, 0.230890, 0.000000
0.438791, 0.239713, 0.000000
0.433910, 0.248440, 0.000000
0.428854, 0.257068, 0.000000
0.423628, 0.265593, 0.000000
0.418231, 0.274012, 0.000000
0.412668, 0.282321, 0.000000
0.406939, 0.290518, 0.000000
0.401048, 0.298598, 0.000000
0.394996, 0.306558, 0.000000
0.388786, 0.314397, 0.000000
0.382421, 0.322109, 0.000000
0.375903, 0.329692, 0.000000
0.369234, 0.337144, 0.000000
0.362418, 0.344461, 0.000000
0.355457, 0.351640, 0.000000
0.348353, 0.358678, 0.000000
0.341111, 0.365573, 0.000000
0.333731, 0.372322, 0.000000
0.326219, 0.378921, 0.000000
0.318576, 0.385369, 0.000000
0.310805, 0.391663, 0.000000
0.302910, 0.397801, 0.000000
0.294894, 0.403779, 0.000000
0.286760, 0.409596, 0.000000
0.278511, 0.415249, 0.000000
0.270151, 0.420736, 0.000000
0.261683, 0.426054, 0.000000
0.253110, 0.431202, 0.000000
0.244436, 0.436178, 0.000000
0.235664, 0.440979, 0.000000
0.226798, 0.445604, 0.000000
0.217841, 0.450050, 0.000000
0.208797, 0.454317, 0.000000
0.199670, 0.458402, 0.000000
0.190462, 0.462303, 0.000000
0.181179, 0.466020, 0.000000
0.171823, 0.469550, 0.000000
0.162398, 0.472892, 0.000000
0.152908, 0.476045, 0.000000
0.143358, 0.479008, 0.000000
0.133749, 0.481779, 0.000000
0.124088, 0.484358, 0.000000
0.114376, 0.486742, 0.000000
0.104619, 0.488932, 0.000000
0.094820, 0.490927, 0.000000
0.084984, 0.492725, 0.000000
0.075113, 0.494326, 0.000000
0.065212, 0.495729, 0.000000
0.055285, 0.496934, 0.000000
0.045336, 0.497940, 0.000000
0.035369, 0.498748, 0.000000
0.025387, 0.499355, 0.000000
0.015396, 0.499763, 0.000000
0.005398, 0.499971, 0.000000
-0.004602, 0.499979, 0.000000
-0.014600, 0.499787, 0.000000
-0.024592, 0.499395, 0.000000
-0.034574, 0.498803, 0.000000
-0.044543, 0.498012, 0.000000
-0.054493, 0.497022, 0.000000
-0.064422, 0.495832, 0.000000
-0.074325, 0.494445, 0.000000
-0.084199, 0.492860, 0.000000
-0.094038, 0.491077, 0.000000
-0.103840, 0.489098, 0.000000
-0.113601, 0.486924, 0.000000
-0.123316, 0.484555, 0.000000
-0.132982, 0.481992, 0.000000
-0.142595, 0.479236, 0.000000
-0.152150, 0.476288, 0.000000
-0.161645, 0.473150, 0.000000
-0.171075, 0.469823, 0.000000
-0.180436, 0.466308, 0.000000
-0.189726, 0.462606, 0.000000
-0.198939, 0.458719, 0.000000
-0.208073, 0.454649, 0.000000
-0.217124, 0.450397, 0.000000
-0.226088, 0.445964, 0.000000
-0.234962, 0.441354, 0.000000
-0.243741, 0.436567, 0.000000
-0.252423, 0.431605, 0.000000
-0.261004, 0.426470, 0.000000
-0.269481, 0.421165, 0.000000
-0.277850, 0.415692, 0.000000
-0.286107, 0.410052, 0.000000
-0.294251, 0.404248, 0.000000
-0.302276, 0.398283, 0.000000
-0.310181, 0.392158, 0.000000
-0.317961, 0.385876, 0.000000
-0.325615, 0.379440, 0.000000
-0.333138, 0.372853, 0.000000
-0.340528, 0.366116, 0.000000
-0.347782, 0.359232, 0.000000
-0.354896, 0.352205, 0.000000
-0.361869, 0.345038, 0.000000
-0.368697, 0.337732, 0.000000
-0.375377, 0.330291, 0.000000
-0.381908, 0.322718, 0.000000
-0.388285, 0.315015, 0.000000
-0.394507, 0.307187, 0.000000
-0.400572, 0.299236, 0.000000
-0.406476, 0.291165, 0.000000
-0.412218, 0.282978, 0.000000
-0.417794, 0.274678, 0.000000
-0.423204, 0.266268, 0.000000
-0.428444, 0.257751, 0.000000
-0.433513, 0.249131, 0.000000
-0.438409, 0.240411, 0.000000
-0.443129, 0.231596, 0.000000
-0.447672, 0.222687, 0.000000
-0.452036, 0.213690, 0.000000
-0.456219, 0.204607, 0.000000
-0.460220, 0.195442, 0.000000
-0.464036, 0.186200, 0.000000
-0.467667, 0.176882, 0.000000
-0.471111, 0.167494, 0.000000
-0.474367, 0.158039, 0.000000
-0.477432, 0.148521, 0.000000
-0.480307, 0.138943, 0.000000
-0.482990, 0.129310, 0.000000
-0.485479, 0.119625, 0.000000
-0.487774, 0.109892, 0.000000
-0.489875, 0.100115, 0.000000
-0.491779, 0.090298, 0.000000
-0.493486, 0.080445, 0.000000
-0.494996, 0.070560, 0.000000
-0.496308, 0.060647, 0.000000
-0.497422, 0.050709, 0.000000
-0.498337, 0.040751, 0.000000
-0.499052, 0.030777, 0.000000
-0.499568, 0.020790, 0.000000
-0.499884, 0.010796, 0.000000
-0.499999, 0.000796, 0.000000
-0.499915, -0.009203, 0.000000
-0.499631, -0.019199, 0.000000
-0.499148, -0.029187, 0.000000
-0.498464, -0.039163, 0.000000
-0.497581, -0.049124, 0.000000
-0.496499, -0.059065, 0.000000
-0.495219, -0.068983, 0.000000
-0.493740, -0.078873, 0.000000
-0.492064, -0.088731, 0.000000
-0.490191, -0.098554, 0.000000
-0.488122, -0.108337, 0.000000
-0.485858, -0.118078, 0.000000
-0.483399, -0.127771, 0.000000
-0.480747, -0.137412, 0.000000
-0.477903, -0.146999, 0.000000
-0.474868, -0.156527, 0.000000
-0.471642, -0.165993, 0.000000
-0.468228, -0.175392, 0.000000
-0.464627, -0.184720, 0.000000
-0.460840, -0.193975, 0.000000
-0.456869, -0.203153, 0.000000
-0.452715, -0.212249, 0.000000
-0.448379, -0.221260, 0.000000
-0.443865, -0.230183, 0.000000
-0.439173, -0.239014, 0.000000
-0.434305, -0.247749, 0.000000
-0.429263, -0.256385, 0.000000
-0.424050, -0.264918, 0.000000
-0.418667, -0.273346, 0.000000
-0.413117, -0.281664, 0.000000
-0.407402, -0.289869, 0.000000
-0.401523, -0.297959, 0.000000
-0.395484, -0.305929, 0.000000
-0.389287, -0.313777, 0.000000
-0.382934, -0.321499, 0.000000
-0.376428, -0.329093, 0.000000
-0.369771, -0.336556, 0.000000
-0.362966, -0.343883, 0.000000
-0.356017, -0.351073, 0.000000
-0.348924, -0.358123, 0.000000
-0.341693, -0.365029, 0.000000
-0.334324, -0.371790, 0.000000
-0.326822, -0.378401, 0.000000
-0.319189, -0.384862, 0.000000
-0.311429, -0.391168, 0.000000
-0.303543, -0.397318, 0.000000
-0.295537, -0.403309, 0.000000
-0.287412, -0.409139, 0.000000
-0.279172, -0.414805, 0.000000
-0.270821, -0.420305, 0.000000
-0.262361, -0.425637, 0.000000
-0.253797, -0.430799, 0.000000
-0.245131, -0.435788, 0.000000
-0.236366, -0.440603, 0.000000
-0.227508, -0.445242, 0.000000
-0.218558, -0.449703, 0.000000
-0.209521, -0.453984, 0.000000
-0.200400, -0.458083, 0.000000
-0.191199, -0.461999, 0.000000
-0.181921, -0.465731, 0.000000
-0.172571, -0.469276, 0.000000
-0.163151, -0.472633, 0.000000
-0.153667, -0.475801, 0.000000
-0.144120, -0.478779, 0.000000
-0.134517, -0.481566, 0.000000
-0.124859, -0.484159, 0.000000
-0.115152, -0.486560, 0.000000
-0.105398, -0.488765, 0.000000
-0.095602, -0.490775, 0.000000
-0.085768, -0.492589, 0.000000
-0.075900, -0.494206, 0.000000
-0.066001, -0.495625, 0.000000
-0.056076, -0.496846, 0.000000
-0.046129, -0.497868, 0.000000
-0.036163, -0.498691, 0.000000
-0.026183, -0.499314, 0.000000
-0.016192, -0.499738, 0.000000
-0.006194, -0.499962, 0.000000
0.003805, -0.499986, 0.000000
0.013804, -0.499810, 0.000000
0.023796, -0.499434, 0.000000
0.033780, -0.498858, 0.000000
0.043749, -0.498083, 0.000000
0.053702, -0.497108, 0.000000
0.063632, -0.495935, 0.000000
0.073538, -0.494563, 0.000000
0.083414, -0.492993, 0.000000
0.093256, -0.491227, 0.000000
0.103061, -0.489263, 0.000000
0.112825, -0.487104, 0.000000
0.122544, -0.484751, 0.000000
0.132214, -0.482203, 0.000000
0.141831, -0.479462, 0.000000
0.151391, -0.476530, 0.000000
0.160891, -0.473407, 0.000000
0.170326, -0.470095, 0.000000
0.179694, -0.466595, 0.000000
0.188989, -0.462908, 0.000000
0.198209, -0.459035, 0.000000
0.207349, -0.454980, 0.000000
0.216407, -0.450742, 0.000000
0.225378, -0.446324, 0.000000
0.234258, -0.441728, 0.000000
0.243045, -0.436954, 0.000000
0.251735, -0.432006, 0.000000
0.260325, -0.426886, 0.000000
0.268810, -0.421594, 0.000000
0.277187, -0.416134, 0.000000
0.285454, -0.410507, 0.000000
0.293606, -0.404717, 0.000000
0.301641, -0.398764, 0.000000
0.309556, -0.392652, 0.000000
0.317347, -0.386382, 0.000000
0.325010, -0.379959, 0.000000
0.332544, -0.373383, 0.000000
0.339945, -0.366658, 0.000000
0.347209, -0.359786, 0.000000
0.354335, -0.352770, 0.000000
0.361319, -0.345614, 0.000000
0.368159, -0.338319, 0.000000
0.374851, -0.330888, 0.000000
0.381393, -0.323326, 0.000000
0.387783, -0.315634, 0.000000
0.394018, -0.307815, 0.000000
0.400095, -0.299874, 0.000000
0.406012, -0.291813, 0.000000
0.411767, -0.283634, 0.000000
0.417357, -0.275343, 0.000000
0.422780, -0.266941, 0.000000
0.428033, -0.258433, 0.000000
0.433116, -0.249821, 0.000000
0.438026, -0.241109, 0.000000
0.442760, -0.232301, 0.000000
0.447317, -0.223400, 0.000000
0.451695, -0.214410, 0.000000
0.455893, -0.205334, 0.000000
0.459908, -0.196175, 0.000000
0.463739, -0.186939, 0.000000
0.467385, -0.177627, 0.000000
0.470844, -0.168244, 0.000000
0.474114, -0.158794, 0.000000
0.477195, -0.149281, 0.000000
0.480085, -0.139708, 0.000000
0.482783, -0.130079, 0.000000
0.485288, -0.120398, 0.000000
0.487599, -0.110669, 0.000000
0.489715, -0.100895, 0.000000
0.491634, -0.091081, 0.000000
0.493358, -0.081231, 0.000000
0.494883, -0.071348, 0.000000
0.496211, -0.061437, 0.000000
0.497341, -0.051501, 0.000000
0.498271, -0.041545, 0.000000
0.499002, -0.031572, 0.000000
0.499534, -0.021586, 0.000000
0.499866, -0.011592, 0.000000
0.499998, -0.001593, 0.000000
0.499930, 0.008407, 0.000000
0.499661, 0.018403, 0.000000
0.499193, 0.028392, 0.000000
0.498526, 0.038369, 0.000000
0.497659, 0.048332, 0.000000
0.496593, 0.058274, 0.000000
0.495328, 0.068194, 0.000000
0.493865, 0.078086, 0.000000
0.492205, 0.087947, 0.000000
0.490347, 0.097773, 0.000000
0.488294, 0.107560, 0.000000
0.486045, 0.117304, 0.000000
0.483602, 0.127000, 0.000000
0.480966, 0.136646, 0.000000
0.478137, 0.146238, 0.000000
0.475117, 0.155771, 0.000000
0.471906, 0.165241, 0.000000
0.468507, 0.174646, 0.000000
0.464921, 0.183980, 0.000000
0.461149, 0.193241, 0.000000
0.457192, 0.202425, 0.000000
0.453052, 0.211528, 0.000000
0.448731, 0.220546, 0.000000
0.444231, 0.229476, 0.000000
0.439553, 0.238314, 0.000000
0.434699, 0.247057, 0.000000
0.429671, 0.255701, 0.000000
0.424472, 0.264242, 0.000000
0.419102, 0.272678, 0.000000
0.413565, 0.281005, 0.000000
0.407863, 0.289220, 0.000000
0.401997, 0.297319, 0.000000
0.395971, 0.305299, 0.000000
0.389786, 0.313157, 0.000000
0.383445, 0.320889, 0.000000
0.376951, 0.328493, 0.000000
0.370307, 0.335966, 0.000000
0.363514, 0.343305, 0.000000
0.356575, 0.350506, 0.000000
0.349494, 0.357567, 0.000000
0.342274, 0.364485, 0.000000
0.334916, 0.371257, 0.000000
0.327424, 0.377880, 0.000000
0.319802, 0.384353, 0.000000
0.312051, 0.390672, 0.000000
0.304176, 0.396834, 0.000000
0.296179, 0.402838, 0.000000
0.288063, 0.408680, 0.000000
0.279833, 0.414360, 0.000000
0.271490, 0.419873, 0.000000
0.263039, 0.425218, 0.000000
0.254483, 0.430394, 0.000000
0.245824, 0.435397, 0.000000
0.237068, 0.440226, 0.000000
0.228216, 0.444879, 0.000000
0.219274, 0.449354, 0.000000
0.210243, 0.453649, 0.000000
0.201129, 0.457763, 0.000000
0.191934, 0.461694, 0.000000
0.182663, 0.465440, 0.000000
0.173318, 0.469000, 0.000000
0.163904, 0.472372, 0.000000
0.154424, 0.475556, 0.000000
0.144883, 0.478549, 0.000000
0.135284, 0.481351, 0.000000
0.125630, 0.483960, 0.000000
0.115926, 0.486376, 0.000000
0.106176, 0.488597, 0.000000
0.096384, 0.490622, 0.000000
0.086553, 0.492452, 0.000000
0.076687, 0.494084, 0.000000
0.066791, 0.495519, 0.000000
0.056868, 0.496756, 0.000000
0.046922, 0.497794, 0.000000
0.036957, 0.498632, 0.000000
0.026978, 0.499272, 0.000000
0.016988, 0.499712, 0.000000
0.006991, 0.499951, 0.000000
-0.003009, 0.499991, 0.000000
-0.013008, 0.499831, 0.000000
-0.023001, 0.499471, 0.000000
-0.032985, 0.498911, 0.000000
-0.042956, 0.498152, 0.000000
-0.052910, 0.497193, 0.000000
-0.062842, 0.496035, 0.000000
-0.072750, 0.494679, 0.000000
-0.082628, 0.493126, 0.000000
-0.092474, 0.491374, 0.000000
-0.102282, 0.489427, 0.000000
-0.112049, 0.487283, 0.000000
-0.121772, 0.484945, 0.000000
-0.131446, 0.482413, 0.000000
-0.141067, 0.479688, 0.000000
-0.150632, 0.476771, 0.000000
-0.160137, 0.473663, 0.000000
-0.169577, 0.470366, 0.000000
-0.178950, 0.466880, 0.000000
-0.188251, 0.463208, 0.000000
-0.197477, 0.459351, 0.000000
-0.206624, 0.455310, 0.000000
-0.215688, 0.451086, 0.000000
-0.224666, 0.446683, 0.000000
-0.233555, 0.442100, 0.000000
-0.242349, 0.437341, 0.000000
-0.251047, 0.432407, 0.000000
-0.259644, 0.427300, 0.000000
-0.268138, 0.422022, 0.000000
-0.276524, 0.416575, 0.000000
-0.284800, 0.410962, 0.000000
-0.292961, 0.405184, 0.000000
-0.301006, 0.399244, 0.000000
-0.308930, 0.393144, 0.000000
-0.316731, 0.386888, 0.000000
-0.324405, 0.380476, 0.000000
-0.331949, 0.373912, 0.000000
-0.339360, 0.367199, 0.000000
-0.346636, 0.360339, 0.000000
-0.353773, 0.353334, 0.000000
-0.360768, 0.346189, 0.000000
-0.367619, 0.338905, 0.000000
-0.374323, 0.331485, 0.000000
-0.380878, 0.323933, 0.000000
-0.387280, 0.316251, 0.000000
-0.393527, 0.308443, 0.000000
-0.399617, 0.300511, 0.000000
-0.405547, 0.292459, 0.000000
-0.411314, 0.284290, 0.000000
-0.416918, 0.276008, 0.000000
-0.422354, 0.267615, 0.000000
-0.427621, 0.259114, 0.000000
-0.432718, 0.250511, 0.000000
-0.437641, 0.241807, 0.000000
-0.442389, 0.233006, 0.000000
-0.446961, 0.224113, 0.000000
-0.451353, 0.215129, 0.000000
-0.455565, 0.206060, 0.000000
-0.459595, 0.196908, 0.000000
-0.463441, 0.187677, 0.000000
-0.467102, 0.178371, 0.000000
-0.470576, 0.168994, 0.000000
-0.473861, 0.159550, 0.000000
-0.476957, 0.150041, 0.000000
-0.479862, 0.140473, 0.000000
-0.482576, 0.130848, 0.000000
-0.485096, 0.121171, 0.000000
-0.487422, 0.111445, 0.000000
-0.489553, 0.101675, 0.000000
-0.491489, 0.091864, 0.000000
-0.493228, 0.082017, 0.000000
-0.494769, 0.072137, 0.000000
-0.496113, 0.062227, 0.000000
-0.497258, 0.052293, 0.000000
-0.498205, 0.042338, 0.000000
-0.498952, 0.032367, 0.000000
-0.499499, 0.022382, 0.000000
-0.499847, 0.012388, 0.000000
-0.499995, 0.002389, 0.000000
-0.499942, -0.007610, 0.000000
-0.499690, -0.017607, 0.000000
-0.499238, -0.027597, 0.000000
-0.498587, -0.037575, 0.000000
-0.497735, -0.047539, 0.000000
-0.496685, -0.057483, 0.000000
-0.495436, -0.067405, 0.000000
-0.493989, -0.077300, 0.000000
-0.492344, -0.087163, 0.000000
-0.490503, -0.096992, 0.000000
-0.488465, -0.106782, 0.000000
-0.486232, -0.116529, 0.000000
-0.483804, -0.126230, 0.000000
-0.481183, -0.135880, 0.000000
-0.478369, -0.145476, 0.000000
-0.475364, -0.155014, 0.000000
-0.472169, -0.164489, 0.000000
-0.468785, -0.173899, 0.000000
-0.465214, -0.183239, 0.000000
-0.461456, -0.192506, 0.000000
-0.457514, -0.201697, 0.000000
-0.453389, -0.210806, 0.000000
-0.449082, -0.219831, 0.000000
-0.444596, -0.228768, 0.000000
-0.439932, -0.237613, 0.000000
-0.435092, -0.246364, 0.000000
-0.430078, -0.255016, 0.000000
-0.424892, -0.263566, 0.000000
-0.419536, -0.272011, 0.000000


0.666667, 0.000000, 0.000000
0.666533, 0.013332, 0.000000
0.666133, 0.026660, 0.000000
0.665467, 0.039976, 0.000000
0.664534, 0.053276, 0.000000
0.663336, 0.066556, 0.000000
0.661872, 0.079808, 0.000000
0.660144, 0.093029, 0.000000
0.658152, 0.106212, 0.000000
0.655896, 0.119353, 0.000000
0.653378, 0.132446, 0.000000
0.650598, 0.145486, 0.000000
0.647559, 0.158468, 0.000000
0.644260, 0.171387, 0.000000
0.640704, 0.184237, 0.000000
0.636891, 0.197013, 0.000000
0.632824, 0.209711, 0.000000
0.628503, 0.222325, 0.000000
0.623931, 0.234849, 0.000000
0.619110, 0.247280, 0.000000
0.614041, 0.259612, 0.000000
0.608726, 0.271840, 0.000000
0.603168, 0.283960, 0.000000
0.597368, 0.295965, 0.000000
0.591330, 0.307853, 0.000000
0.585055, 0.319617, 0.000000
0.578546, 0.331253, 0.000000
0.571806, 0.342757, 0.000000
0.564837, 0.354124, 0.000000
0.557642, 0.365349, 0.000000
0.550224, 0.376428, 0.000000
0.542586, 0.387357, 0.000000
0.534731, 0.398130, 0.000000
0.526662, 0.408745, 0.000000
0.518382, 0.419195, 0.000000
0.509895, 0.429478, 0.000000
0.501204, 0.439590, 0.000000
0.492312, 0.449525, 0.000000
0.483224, 0.459281, 0.000000
0.473942, 0.468853, 0.000000
0.464471, 0.478237, 0.000000
0.454814, 0.487431, 0.000000
0.444975, 0.496429, 0.000000
0.434958, 0.505228, 0.000000
0.424767, 0.513826, 0.000000
0.414407, 0.522218, 0.000000
0.403880, 0.530401, 0.000000
0.393192, 0.538372, 0.000000
0.382347, 0.546128, 0.000000
0.371348, 0.553665, 0.000000
0.360202, 0.560981, 0.000000
0.348911, 0.568072, 0.000000
0.337480, 0.574936, 0.000000
0.325915, 0.581570, 0.000000
0.314219, 0.587972, 0.000000
0.302398, 0.594138, 0.000000
0.290455, 0.600067, 0.000000
0.278396, 0.605756, 0.000000
0.266226, 0.611202, 0.000000
0.253950, 0.616404, 0.000000
0.241572, 0.621359, 0.000000
0.229097, 0.626066, 0.000000
0.216531, 0.630523, 0.000000
0.203878, 0.634727, 0.000000
0.191144, 0.638677, 0.000000
0.178333, 0.642372, 0.000000
0.165450, 0.645810, 0.000000
0.152502, 0.648990, 0.000000
0.139493, 0.651910, 0.000000
0.126427, 0.654569, 0.000000
0.113312, 0.656967, 0.000000
0.100150, 0.659101, 0.000000
0.086949, 0.660972, 0.000000
0.073713, 0.662579, 0.000000
0.060448, 0.663921, 0.000000
0.047158, 0.664997, 0.000000
0.033850, 0.665807, 0.000000
0.020528, 0.666351, 0.000000
0.007198, 0.666628, 0.000000
-0.006136, 0.666638, 0.000000
-0.019466, 0.666382, 0.000000
-0.032789, 0.665860, 0.000000
-0.046099, 0.665071, 0.000000
-0.059390, 0.664016, 0.000000
-0.072658, 0.662695, 0.000000
-0.085896, 0.661110, 0.000000
-0.099100, 0.659260, 0.000000
-0.112265, 0.657146, 0.000000
-0.125384, 0.654770, 0.000000
-0.138454, 0.652131, 0.000000
-0.151468, 0.649232, 0.000000
-0.164421, 0.646073, 0.000000
-0.177309, 0.642655, 0.000000
-0.190126, 0.638981, 0.000000
-0.202867, 0.635051, 0.000000
-0.215526, 0.630867, 0.000000
-0.228100, 0.626430, 0.000000
-0.240582, 0.621744, 0.000000
-0.252968, 0.616808, 0.000000
-0.265252, 0.611625, 0.000000
-0.277431, 0.606198, 0.000000
-0.289499, 0.600529, 0.000000
-0.301451, 0.594619, 0.000000
-0.313282, 0.588472, 0.000000
-0.324988, 0.582089, 0.000000
-0.336564, 0.575473, 0.000000
-0.348005, 0.568627, 0.000000
-0.359308, 0.561554, 0.000000
-0.370466, 0.554256, 0.000000
-0.381476, 0.546736, 0.000000
-0.392334, 0.538998, 0.000000
-0.403035, 0.531044, 0.000000
-0.413574, 0.522877, 0.000000
-0.423948, 0.514502, 0.000000
-0.434153, 0.505921, 0.000000
-0.444184, 0.497137, 0.000000
-0.454037, 0.488154, 0.000000
-0.463709, 0.478977, 0.000000
-0.473195, 0.469607, 0.000000
-0.482492, 0.460050, 0.000000
-0.491596, 0.450309, 0.000000
-0.500503, 0.440388, 0.000000
-0.509210, 0.430290, 0.000000
-0.517713, 0.420021, 0.000000
-0.526010, 0.409583, 0.000000
-0.534096, 0.398982, 0.000000
-0.541968, 0.388221, 0.000000
-0.549623, 0.377304, 0.000000
-0.557059, 0.366237, 0.000000
-0.564272, 0.355024, 0.000000
-0.571259, 0.343668, 0.000000
-0.578018, 0.332175, 0.000000
-0.584545, 0.320549, 0.000000
-0.590839, 0.308794, 0.000000
-0.596896, 0.296917, 0.000000
-0.602715, 0.284920, 0.000000
-0.608292, 0.272810, 0.000000
-0.613626, 0.260590, 0.000000
-0.618715, 0.248266, 0.000000
-0.623556, 0.235843, 0.000000
-0.628148, 0.223326, 0.000000
-0.632489, 0.210719, 0.000000
-0.636576, 0.198028, 0.000000
-0.640409, 0.185258, 0.000000
-0.643986, 0.172413, 0.000000
-0.647305, 0.159500, 0.000000
-0.650366, 0.146523, 0.000000
-0.653166, 0.133487, 0.000000
-0.655705, 0.120398, 0.000000
-0.657982, 0.107260, 0.000000
-0.659995, 0.094080, 0.000000
-0.661744, 0.080862, 0.000000
-0.663229, 0.067612, 0.000000
-0.664449, 0.054335, 0.000000
-0.665403, 0.041036, 0.000000
-0.666090, 0.027721, 0.000000
-0.666511, 0.014394, 0.000000
-0.666666, 0.001062, 0.000000
-0.666554, -0.012271, 0.000000
-0.666175, -0.025598, 0.000000
-0.665530, -0.038916, 0.000000
-0.664618, -0.052218, 0.000000
-0.663441, -0.065499, 0.000000
-0.661999, -0.078754, 0.000000
-0.660291, -0.091977, 0.000000
-0.658320, -0.105164, 0.000000
-0.656085, -0.118308, 0.000000
-0.653588, -0.131405, 0.000000
-0.650829, -0.144450, 0.000000
-0.647810, -0.157437, 0.000000
-0.644532, -0.170360, 0.000000
-0.640996, -0.183216, 0.000000
-0.637204, -0.195999, 0.000000
-0.633157, -0.208703, 0.000000
-0.628856, -0.221323, 0.000000
-0.624305, -0.233855, 0.000000
-0.619503, -0.246294, 0.000000
-0.614453, -0.258634, 0.000000
-0.609158, -0.270870, 0.000000
-0.603619, -0.282998, 0.000000
-0.597839, -0.295013, 0.000000
-0.591820, -0.306910, 0.000000
-0.585563, -0.318685, 0.000000
-0.579073, -0.330331, 0.000000
-0.572351, -0.341846, 0.000000
-0.565400, -0.353224, 0.000000
-0.558223, -0.364460, 0.000000
-0.550823, -0.375551, 0.000000
-0.543202, -0.386492, 0.000000
-0.535364, -0.397278, 0.000000
-0.527312, -0.407905, 0.000000
-0.519049, -0.418369, 0.000000
-0.510578, -0.428666, 0.000000
-0.501904, -0.438791, 0.000000
-0.493028, -0.448740, 0.000000
-0.483955, -0.458511, 0.000000
-0.474689, -0.468097, 0.000000
-0.465233, -0.477497, 0.000000
-0.455590, -0.486705, 0.000000
-0.445766, -0.495719, 0.000000
-0.435763, -0.504535, 0.000000
-0.425586, -0.513149, 0.000000
-0.415238, -0.521557, 0.000000
-0.404725, -0.529757, 0.000000
-0.394049, -0.537745, 0.000000
-0.383216, -0.545518, 0.000000
-0.372230, -0.553073, 0.000000
-0.361095, -0.560406, 0.000000
-0.349815, -0.567515, 0.000000
-0.338396, -0.574398, 0.000000
-0.326841, -0.581050, 0.000000
-0.315155, -0.587471, 0.000000
-0.303344, -0.593656, 0.000000
-0.291411, -0.599604, 0.000000
-0.279361, -0.605312, 0.000000
-0.267200, -0.610777, 0.000000
-0.254932, -0.615999, 0.000000
-0.242562, -0.620974, 0.000000
-0.230094, -0.625701, 0.000000
-0.217535, -0.630177, 0.000000
-0.204889, -0.634401, 0.000000
-0.192161, -0.638372, 0.000000
-0.179356, -0.642087, 0.000000
-0.166479, -0.645546, 0.000000
-0.153536, -0.648746, 0.000000
-0.140531, -0.651687, 0.000000
-0.127470, -0.654367, 0.000000
-0.114358, -0.656785, 0.000000
-0.101200, -0.658941, 0.000000
-0.088002, -0.660833, 0.000000
-0.074769, -0.662461, 0.000000
-0.061505, -0.663823, 0.000000
-0.048218, -0.664921, 0.000000
-0.034910, -0.665752, 0.000000
-0.021589, -0.666317, 0.000000
-0.008260, -0.666616, 0.000000
0.005074, -0.666647, 0.000000
0.018405, -0.666413, 0.000000
0.031728, -0.665911, 0.000000
0.045039, -0.665144, 0.000000
0.058332, -0.664110, 0.000000
0.071602, -0.662811, 0.000000
0.084843, -0.661246, 0.000000
0.098050, -0.659417, 0.000000
0.111218, -0.657324, 0.000000
0.124341, -0.654969, 0.000000
0.137415, -0.652351, 0.000000
0.150433, -0.649472, 0.000000
0.163392, -0.646334, 0.000000
0.176285, -0.642937, 0.000000
0.189108, -0.639283, 0.000000
0.201855, -0.635373, 0.000000
0.214521, -0.631209, 0.000000
0.227101, -0.626793, 0.000000
0.239591, -0.622126, 0.000000
0.251985, -0.617210, 0.000000
0.264278, -0.612047, 0.000000
0.276465, -0.606640, 0.000000
0.288542, -0.600989, 0.000000
0.300503, -0.595099, 0.000000
0.312344, -0.588970, 0.000000
0.324060, -0.582606, 0.000000
0.335647, -0.576008, 0.000000
0.347099, -0.569181, 0.000000
0.358413, -0.562125, 0.000000
0.369583, -0.554845, 0.000000
0.380605, -0.547343, 0.000000
0.391475, -0.539622, 0.000000
0.402188, -0.531685, 0.000000
0.412741, -0.523536, 0.000000
0.423128, -0.515177, 0.000000
0.433347, -0.506612, 0.000000
0.443391, -0.497844, 0.000000
0.453259, -0.488877, 0.000000
0.462945, -0.479715, 0.000000
0.472446, -0.470361, 0.000000
0.481758, -0.460818, 0.000000
0.490878, -0.451091, 0.000000
0.499801, -0.441184, 0.000000
0.508524, -0.431101, 0.000000
0.517044, -0.420845, 0.000000
0.525357, -0.410420, 0.000000
0.533459, -0.399832, 0.000000
0.541349, -0.389083, 0.000000
0.549022, -0.378179, 0.000000
0.556475, -0.367124, 0.000000
0.563706, -0.355922, 0.000000
0.570711, -0.344577, 0.000000
0.577488, -0.333095, 0.000000
0.584034, -0.321479, 0.000000
0.590346, -0.309735, 0.000000
0.596422, -0.297867, 0.000000
0.602260, -0.285880, 0.000000
0.607857, -0.273778, 0.000000
0.613210, -0.261567, 0.000000
0.618319, -0.249251, 0.000000
0.623180, -0.236836, 0.000000
0.627792, -0.224326, 0.000000
0.632152, -0.211726, 0.000000
0.636260, -0.199042, 0.000000
0.640113, -0.186277, 0.000000
0.643711, -0.173439, 0.000000
0.647051, -0.160531, 0.000000
0.650132, -0.147558, 0.000000
0.652953, -0.134527, 0.000000
0.655512, -0.121442, 0.000000
0.657810, -0.108308, 0.000000
0.659844, -0.095131, 0.000000
0.661615, -0.081916, 0.000000
0.663121, -0.068669, 0.000000
0.664362, -0.055393, 0.000000
0.665336, -0.042096, 0.000000
0.666045, -0.028782, 0.000000
0.666488, -0.015456, 0.000000
0.666664, -0.002124, 0.000000
0.666573, 0.011209, 0.000000
0.666215, 0.024537, 0.000000
0.665591, 0.037856, 0.000000
0.664701, 0.051159, 0.000000
0.663545, 0.064442, 0.000000
0.662124, 0.077699, 0.000000
0.660437, 0.090925, 0.000000
0.658487, 0.104115, 0.000000
0.656273, 0.117263, 0.000000
0.653797, 0.130364, 0.000000
0.651059, 0.143413, 0.000000
0.648061, 0.156405, 0.000000
0.644803, 0.169334, 0.000000
0.641288, 0.182195, 0.000000
0.637516, 0.194983, 0.000000
0.633489, 0.207694, 0.000000
0.629209, 0.220321, 0.000000
0.624677, 0.232861, 0.000000
0.619895, 0.245307, 0.000000
0.614865, 0.257655, 0.000000
0.609589, 0.269900, 0.000000
0.604070, 0.282037, 0.000000
0.598309, 0.294061, 0.000000
0.592308, 0.305967, 0.000000
0.586071, 0.317752, 0.000000
0.579599, 0.329409, 0.000000
0.572895, 0.340934, 0.000000
0.565962, 0.352323, 0.000000
0.558803, 0.363571, 0.000000
0.551421, 0.374674, 0.000000
0.543817, 0.385626, 0.000000
0.535996, 0.396425, 0.000000
0.527961, 0.407065, 0.000000
0.519715, 0.417542, 0.000000
0.511261, 0.427852, 0.000000
0.502602, 0.437991, 0.000000
0.493742, 0.447955, 0.000000
0.484685, 0.457739, 0.000000
0.475434, 0.467341, 0.000000
0.465993, 0.476755, 0.000000
0.456365, 0.485979, 0.000000
0.446555, 0.495009, 0.000000
0.436566, 0.503840, 0.000000
0.426402, 0.512470, 0.000000
0.416068, 0.520895, 0.000000
0.405568, 0.529112, 0.000000
0.394905, 0.537117, 0.000000
0.384085, 0.544907, 0.000000
0.373111, 0.552479, 0.000000
0.361987, 0.559831, 0.000000
0.350719, 0.566958, 0.000000
0.339310, 0.573858, 0.000000
0.327766, 0.580529, 0.000000
0.316091, 0.586968, 0.000000
0.304289, 0.593172, 0.000000
0.292365, 0.599139, 0.000000
0.280325, 0.604866, 0.000000
0.268172, 0.610351, 0.000000
0.255913, 0.615592, 0.000000
0.243550, 0.620587, 0.000000
0.231091, 0.625334, 0.000000
0.218539, 0.629830, 0.000000
0.205899, 0.634075, 0.000000
0.193177, 0.638065, 0.000000
0.180378, 0.641801, 0.000000
0.167507, 0.645280, 0.000000
0.154569, 0.648501, 0.000000
0.141569, 0.651462, 0.000000
0.128512, 0.654163, 0.000000
0.115404, 0.656603, 0.000000
0.102250, 0.658779, 0.000000
0.089055, 0.660692, 0.000000
0.075824, 0.662341, 0.000000
0.062563, 0.663725, 0.000000
0.049277, 0.664843, 0.000000
0.035971, 0.665696, 0.000000
0.022650, 0.666282, 0.000000
0.009321, 0.666602, 0.000000
-0.004012, 0.666655, 0.000000
-0.017343, 0.666441, 0.000000
-0.030668, 0.665961, 0.000000
-0.043980, 0.665215, 0.000000
-0.057275, 0.664202, 0.000000
-0.070546, 0.662924, 0.000000
-0.083790, 0.661381, 0.000000
-0.097000, 0.659573, 0.000000
-0.110171, 0.657501, 0.000000
-0.123298, 0.655166, 0.000000
-0.136376, 0.652569, 0.000000
-0.149399, 0.649711, 0.000000
-0.162363, 0.646594, 0.000000
-0.175261, 0.643217, 0.000000
-0.188089, 0.639584, 0.000000
-0.200843, 0.635694, 0.000000
-0.213516, 0.631551, 0.000000
-0.226103, 0.627154, 0.000000
-0.238600, 0.622507, 0.000000
-0.251002, 0.617611, 0.000000
-0.263303, 0.612468, 0.000000
-0.275499, 0.607080, 0.000000
-0.287584, 0.601448, 0.000000
-0.299555, 0.595577, 0.000000
-0.311406, 0.589467, 0.000000
-0.323132, 0.583121, 0.000000
-0.334729, 0.576543, 0.000000
-0.346192, 0.569733, 0.000000
-0.357517, 0.562696, 0.000000
-0.368699, 0.555434, 0.000000
-0.379733, 0.547949, 0.000000
-0.390615, 0.540245, 0.000000
-0.401341, 0.532325, 0.000000
-0.411907, 0.524193, 0.000000
-0.422308, 0.515850, 0.000000
-0.432539, 0.507301, 0.000000
-0.442598, 0.498550, 0.000000
-0.452480, 0.489599, 0.000000
-0.462181, 0.480452, 0.000000
-0.471697, 0.471113, 0.000000
-0.481024, 0.461585, 0.000000
-0.490159, 0.451873, 0.000000
-0.499098, 0.441980, 0.000000
-0.507837, 0.431910, 0.000000
-0.516373, 0.421668, 0.000000
-0.524703, 0.411257, 0.000000
-0.532822, 0.400681, 0.000000
-0.540729, 0.389945, 0.000000
-0.548419, 0.379054, 0.000000
-0.555890, 0.368010, 0.000000
-0.563138, 0.356819, 0.000000
-0.570162, 0.345486, 0.000000
-0.576957, 0.334015, 0.000000
-0.583521, 0.322409, 0.000000
-0.589852, 0.310675, 0.000000
-0.595948, 0.298817, 0.000000
-0.601804, 0.286839, 0.000000
-0.607420, 0.274746, 0.000000
-0.612793, 0.262544, 0.000000
-0.617921, 0.250236, 0.000000
-0.622802, 0.237829, 0.000000
-0.627434, 0.225326, 0.000000
-0.631815, 0.212733, 0.000000
-0.635943, 0.200055, 0.000000
-0.639816, 0.187297, 0.000000
-0.643434, 0.174464, 0.000000
-0.646794, 0.161561, 0.000000
-0.649896, 0.148594, 0.000000
-0.652738, 0.135567, 0.000000
-0.655318, 0.122486, 0.000000
-0.657637, 0.109356, 0.000000
-0.659692, 0.096182, 0.000000
-0.661484, 0.082970, 0.000000
-0.663011, 0.069725, 0.000000
-0.664273, 0.056452, 0.000000
-0.665269, 0.043156, 0.000000
-0.665999, 0.029843, 0.000000
-0.666462, 0.016517, 0.000000
-0.666659, 0.003186, 0.000000
-0.666590, -0.010147, 0.000000
-0.666254, -0.023476, 0.000000
-0.665651, -0.036795, 0.000000
-0.664782, -0.050100, 0.000000
-0.663647, -0.063385, 0.000000
-0.662247, -0.076644, 0.000000
-0.660581, -0.089873, 0.000000
-0.658652, -0.103066, 0.000000
-0.656459, -0.116217, 0.000000
-0.654004, -0.129322, 0.000000
-0.651287, -0.142376, 0.000000
-0.648309, -0.155372, 0.000000
-0.645072, -0.168306, 0.000000
-0.641577, -0.181173, 0.000000
-0.637826, -0.193968, 0.000000
-0.633819, -0.206685, 0.000000
-0.629559, -0.219319, 0.000000
-0.625047, -0.231865, 0.000000
-0.620285, -0.244319, 0.000000
-0.615275, -0.256675, 0.000000
-0.610018, -0.268928, 0.000000
-0.604518, -0.281074, 0.000000
-0.598776, -0.293108, 0.000000
-0.592795, -0.305024, 0.000000
-0.586576, -0.316818, 0.000000
-0.580123, -0.328485, 0.000000
-0.573438, -0.340021, 0.000000
-0.566523, -0.351421, 0.000000
-0.559382, -0.362681, 0.000000


0.833333, 0.000000, 0.000000
0.833167, 0.016666, 0.000000
0.832667, 0.033324, 0.000000
0.831834, 0.049970, 0.000000
0.830668, 0.066596, 0.000000
0.829170, 0.083195, 0.000000
0.827341, 0.099760, 0.000000
0.825180, 0.116286, 0.000000
0.822689, 0.132765, 0.000000
0.819870, 0.149191, 0.000000
0.816722, 0.165558, 0.000000
0.813248, 0.181858, 0.000000
0.809448, 0.198086, 0.000000
0.805325, 0.214234, 0.000000
0.800880, 0.230296, 0.000000
0.796114, 0.246267, 0.000000
0.791030, 0.262139, 0.000000
0.785629, 0.277906, 0.000000
0.779914, 0.293562, 0.000000
0.773887, 0.309100, 0.000000
0.767551, 0.324515, 0.000000
0.760907, 0.339800, 0.000000
0.753960, 0.354950, 0.000000
0.746710, 0.369957, 0.000000
0.739162, 0.384816, 0.000000
0.731319, 0.399521, 0.000000
0.723183, 0.414067, 0.000000
0.714757, 0.428447, 0.000000
0.706046, 0.442655, 0.000000
0.697052, 0.456687, 0.000000
0.687780, 0.470535, 0.000000
0.678232, 0.484196, 0.000000
0.668413, 0.497663, 0.000000
0.658327, 0.510931, 0.000000
0.647977, 0.523994, 0.000000
0.637368, 0.536848, 0.000000
0.626505, 0.549487, 0.000000
0.615390, 0.561907, 0.000000
0.604030, 0.574101, 0.000000
0.592428, 0.586066, 0.000000
0.580589, 0.597797, 0.000000
0.568518, 0.609288, 0.000000
0.556219, 0.620536, 0.000000
0.543698, 0.631535, 0.000000
0.530959, 0.642282, 0.000000
0.518008, 0.652772, 0.000000
0.504850, 0.663001, 0.000000
0.491490, 0.672965, 0.000000
0.477933, 0.682660, 0.000000
0.464185, 0.692081, 0.000000
0.450252, 0.701226, 0.000000
0.436138, 0.710090, 0.000000
0.421850, 0.718670, 0.000000
0.407393, 0.726963, 0.000000
0.392774, 0.734965, 0.000000
0.377997, 0.742673, 0.000000
0.363069, 0.750084, 0.000000
0.347995, 0.757195, 0.000000
0.332783, 0.764003, 0.000000
0.317437, 0.770505, 0.000000
0.301965, 0.776699, 0.000000
0.286371, 0.782583, 0.000000
0.270664, 0.788153, 0.000000
0.254847, 0.793409, 0.000000
0.238929, 0.798347, 0.000000
0.222916, 0.802965, 0.000000
0.206813, 0.807263, 0.000000
0.190627, 0.811237, 0.000000
0.174366, 0.814887, 0.000000
0.158034, 0.818211, 0.000000
0.141639, 0.821208, 0.000000
0.125188, 0.823877, 0.000000
0.108686, 0.826215, 0.000000
0.092141, 0.828224, 0.000000
0.075560, 0.829901, 0.000000
0.058948, 0.831246, 0.000000
0.042312, 0.832258, 0.000000
0.025660, 0.832938, 0.000000
0.008997, 0.833285, 0.000000
-0.007670, 0.833298, 0.000000
-0.024333, 0.832978, 0.000000
-0.040987, 0.832325, 0.000000
-0.057624, 0.831339, 0.000000
-0.074238, 0.830020, 0.000000
-0.090822, 0.828369, 0.000000
-0.107370, 0.826387, 0.000000
-0.123876, 0.824075, 0.000000
-0.140331, 0.821433, 0.000000
-0.156731, 0.818462, 0.000000
-0.173068, 0.815164, 0.000000
-0.189335, 0.811540, 0.000000
-0.205527, 0.807591, 0.000000
-0.221637, 0.803319, 0.000000
-0.237658, 0.798726, 0.000000
-0.253584, 0.793814, 0.000000
-0.269408, 0.788584, 0.000000
-0.285125, 0.783038, 0.000000
-0.300727, 0.777179, 0.000000
-0.316210, 0.771010, 0.000000
-0.331566, 0.764532, 0.000000
-0.346789, 0.757748, 0.000000
-0.361874, 0.750661, 0.000000
-0.376814, 0.743274, 0.000000
-0.391603, 0.735590, 0.000000
-0.406235, 0.727611, 0.000000
-0.420705, 0.719341, 0.000000
-0.435007, 0.710784, 0.000000
-0.449135, 0.701942, 0.000000
-0.463083, 0.692820, 0.000000
-0.476846, 0.683420, 0.000000
-0.490418, 0.673747, 0.000000
-0.503794, 0.663805, 0.000000
-0.516968, 0.653597, 0.000000
-0.529936, 0.643128, 0.000000
-0.542691, 0.632401, 0.000000
-0.555230, 0.621421, 0.000000
-0.567547, 0.610193, 0.000000
-0.579636, 0.598721, 0.000000
-0.591494, 0.587009, 0.000000
-0.603115, 0.575063, 0.000000
-0.614495, 0.562886, 0.000000
-0.625629, 0.550485, 0.000000
-0.636513, 0.537863, 0.000000
-0.647142, 0.525026, 0.000000
-0.657512, 0.511979, 0.000000
-0.667620, 0.498727, 0.000000
-0.677460, 0.485276, 0.000000
-0.687029, 0.471630, 0.000000
-0.696324, 0.457796, 0.000000
-0.705340, 0.443779, 0.000000
-0.714074, 0.429585, 0.000000
-0.722522, 0.415218, 0.000000
-0.730682, 0.400686, 0.000000
-0.738549, 0.385993, 0.000000
-0.746120, 0.371146, 0.000000
-0.753394, 0.356150, 0.000000
-0.760365, 0.341012, 0.000000
-0.767033, 0.325738, 0.000000
-0.773394, 0.310333, 0.000000
-0.779446, 0.294804, 0.000000
-0.785185, 0.279157, 0.000000
-0.790611, 0.263398, 0.000000
-0.795721, 0.247535, 0.000000
-0.800512, 0.231572, 0.000000
-0.804983, 0.215516, 0.000000
-0.809132, 0.199375, 0.000000
-0.812957, 0.183153, 0.000000
-0.816457, 0.166859, 0.000000
-0.819631, 0.150497, 0.000000
-0.822477, 0.134075, 0.000000
-0.824994, 0.117600, 0.000000
-0.827181, 0.101078, 0.000000
-0.829037, 0.084515, 0.000000
-0.830561, 0.067919, 0.000000
-0.831753, 0.051295, 0.000000
-0.832613, 0.034651, 0.000000
-0.833139, 0.017993, 0.000000
-0.833332, 0.001327, 0.000000
-0.833192, -0.015338, 0.000000
-0.832719, -0.031998, 0.000000
-0.831912, -0.048645, 0.000000
-0.830773, -0.065272, 0.000000
-0.829302, -0.081874, 0.000000
-0.827498, -0.098442, 0.000000
-0.825364, -0.114971, 0.000000
-0.822900, -0.131455, 0.000000
-0.820106, -0.147885, 0.000000
-0.816985, -0.164257, 0.000000
-0.813536, -0.180562, 0.000000
-0.809763, -0.196796, 0.000000
-0.805665, -0.212951, 0.000000
-0.801245, -0.229020, 0.000000
-0.796505, -0.244998, 0.000000
-0.791446, -0.260878, 0.000000
-0.786071, -0.276654, 0.000000
-0.780381, -0.292319, 0.000000
-0.774379, -0.307867, 0.000000
-0.768067, -0.323292, 0.000000
-0.761448, -0.338588, 0.000000
-0.754524, -0.353748, 0.000000
-0.747299, -0.368767, 0.000000
-0.739774, -0.383638, 0.000000
-0.731954, -0.398356, 0.000000
-0.723841, -0.412914, 0.000000
-0.715439, -0.427308, 0.000000
-0.706750, -0.441530, 0.000000
-0.697779, -0.455576, 0.000000
-0.688528, -0.469439, 0.000000
-0.679002, -0.483115, 0.000000
-0.669205, -0.496597, 0.000000
-0.659140, -0.509881, 0.000000
-0.648811, -0.522961, 0.000000
-0.638223, -0.535832, 0.000000
-0.627379, -0.548488, 0.000000
-0.616285, -0.560926, 0.000000
-0.604944, -0.573138, 0.000000
-0.593361, -0.585122, 0.000000
-0.581540, -0.596871, 0.000000
-0.569487, -0.608382, 0.000000
-0.557207, -0.619649, 0.000000
-0.544703, -0.630669, 0.000000
-0.531982, -0.641436, 0.000000
-0.519047, -0.651946, 0.000000
-0.505905, -0.662196, 0.000000
-0.492561, -0.672181, 0.000000
-0.479020, -0.681897, 0.000000
-0.465287, -0.691341, 0.000000
-0.451368, -0.700508, 0.000000
-0.437269, -0.709394, 0.000000
-0.422994, -0.717997, 0.000000
-0.408551, -0.726313, 0.000000
-0.393944, -0.734338, 0.000000
-0.379179, -0.742070, 0.000000
-0.364263, -0.749504, 0.000000
-0.349201, -0.756639, 0.000000
-0.333999, -0.763471, 0.000000
-0.318664, -0.769998, 0.000000
-0.303202, -0.776217, 0.000000
-0.287618, -0.782125, 0.000000
-0.271919, -0.787721, 0.000000
-0.256111, -0.793002, 0.000000
-0.240201, -0.797965, 0.000000
-0.224194, -0.802609, 0.000000
-0.208098, -0.806932, 0.000000
-0.191919, -0.810932, 0.000000
-0.175663, -0.814608, 0.000000
-0.159337, -0.817958, 0.000000
-0.142947, -0.820981, 0.000000
-0.126500, -0.823676, 0.000000
-0.110002, -0.826041, 0.000000
-0.093461, -0.828076, 0.000000
-0.076882, -0.829779, 0.000000
-0.060272, -0.831151, 0.000000
-0.043638, -0.832190, 0.000000
-0.026986, -0.832896, 0.000000
-0.010324, -0.833269, 0.000000
0.006342, -0.833309, 0.000000
0.023006, -0.833016, 0.000000
0.039661, -0.832389, 0.000000
0.056299, -0.831429, 0.000000
0.072916, -0.830137, 0.000000
0.089503, -0.828513, 0.000000
0.106054, -0.826557, 0.000000
0.122563, -0.824271, 0.000000
0.139023, -0.821655, 0.000000
0.155427, -0.818711, 0.000000
0.171769, -0.815438, 0.000000
0.188042, -0.811840, 0.000000
0.204240, -0.807917, 0.000000
0.220357, -0.803671, 0.000000
0.236385, -0.799104, 0.000000
0.252319, -0.794216, 0.000000
0.268151, -0.789012, 0.000000
0.283877, -0.783491, 0.000000
0.299489, -0.777657, 0.000000
0.314981, -0.771512, 0.000000
0.330347, -0.765059, 0.000000
0.345582, -0.758299, 0.000000
0.360677, -0.751236, 0.000000
0.375629, -0.743873, 0.000000
0.390430, -0.736212, 0.000000
0.405076, -0.728257, 0.000000
0.419559, -0.720010, 0.000000
0.433874, -0.711476, 0.000000
0.448016, -0.702657, 0.000000
0.461978, -0.693556, 0.000000
0.475756, -0.684179, 0.000000
0.489344, -0.674527, 0.000000
0.502735, -0.664606, 0.000000
0.515926, -0.654419, 0.000000
0.528911, -0.643970, 0.000000
0.541683, -0.633264, 0.000000
0.554239, -0.622305, 0.000000
0.566574, -0.611096, 0.000000
0.578682, -0.599643, 0.000000
0.590558, -0.587950, 0.000000
0.602198, -0.576023, 0.000000
0.613597, -0.563864, 0.000000
0.624751, -0.551480, 0.000000
0.635655, -0.538876, 0.000000
0.646305, -0.526056, 0.000000
0.656696, -0.513025, 0.000000
0.666824, -0.499790, 0.000000
0.676686, -0.486354, 0.000000
0.686277, -0.472724, 0.000000
0.695594, -0.458905, 0.000000
0.704632, -0.444902, 0.000000
0.713389, -0.430721, 0.000000
0.721860, -0.416369, 0.000000
0.730042, -0.401849, 0.000000
0.737933, -0.387169, 0.000000
0.745528, -0.372334, 0.000000
0.752825, -0.357350, 0.000000
0.759821, -0.342223, 0.000000
0.766513, -0.326959, 0.000000
0.772899, -0.311564, 0.000000
0.778975, -0.296045, 0.000000
0.784740, -0.280407, 0.000000
0.790191, -0.264657, 0.000000
0.795325, -0.248802, 0.000000
0.800142, -0.232846, 0.000000
0.804639, -0.216798, 0.000000
0.808813, -0.200663, 0.000000
0.812665, -0.184448, 0.000000
0.816191, -0.168159, 0.000000
0.819391, -0.151802, 0.000000
0.822263, -0.135385, 0.000000
0.824806, -0.118914, 0.000000
0.827019, -0.102395, 0.000000
0.828901, -0.085835, 0.000000
0.830452, -0.069241, 0.000000
0.831671, -0.052620, 0.000000
0.832557, -0.035977, 0.000000
0.833110, -0.019320, 0.000000
0.833329, -0.002655, 0.000000
0.833216, 0.014011, 0.000000
0.832769, 0.030672, 0.000000
0.831989, 0.047320, 0.000000
0.830876, 0.063949, 0.000000
0.829431, 0.080553, 0.000000
0.827654, 0.097124, 0.000000
0.825547, 0.113657, 0.000000
0.823108, 0.130144, 0.000000
0.820341, 0.146579, 0.000000
0.817246, 0.162955, 0.000000
0.813823, 0.179267, 0.000000
0.810076, 0.195506, 0.000000
0.806004, 0.211667, 0.000000
0.801609, 0.227744, 0.000000
0.796895, 0.243730, 0.000000
0.791861, 0.259618, 0.000000
0.786511, 0.275402, 0.000000
0.780846, 0.291076, 0.000000
0.774868, 0.306634, 0.000000
0.768581, 0.322069, 0.000000
0.761986, 0.337375, 0.000000
0.755087, 0.352546, 0.000000
0.747886, 0.367576, 0.000000
0.740385, 0.382460, 0.000000
0.732588, 0.397190, 0.000000
0.724498, 0.411761, 0.000000
0.716119, 0.426168, 0.000000
0.707453, 0.440404, 0.000000
0.698504, 0.454464, 0.000000
0.689276, 0.468342, 0.000000
0.679771, 0.482033, 0.000000
0.669995, 0.495531, 0.000000
0.659952, 0.508831, 0.000000
0.649644, 0.521928, 0.000000
0.639076, 0.534815, 0.000000
0.628252, 0.547489, 0.000000
0.617178, 0.559944, 0.000000
0.605856, 0.572174, 0.000000
0.594292, 0.584176, 0.000000
0.582491, 0.595944, 0.000000
0.570456, 0.607474, 0.000000
0.558193, 0.618761, 0.000000
0.545707, 0.629800, 0.000000
0.533003, 0.640588, 0.000000
0.520085, 0.651119, 0.000000
0.506960, 0.661390, 0.000000
0.493632, 0.671396, 0.000000
0.480106, 0.681134, 0.000000
0.466388, 0.690599, 0.000000
0.452484, 0.699788, 0.000000
0.438398, 0.708697, 0.000000
0.424138, 0.717323, 0.000000
0.409707, 0.725662, 0.000000
0.395113, 0.733710, 0.000000
0.380361, 0.741465, 0.000000
0.365457, 0.748924, 0.000000
0.350406, 0.756082, 0.000000
0.335215, 0.762939, 0.000000
0.319890, 0.769490, 0.000000
0.304438, 0.775734, 0.000000
0.288863, 0.781667, 0.000000
0.273173, 0.787287, 0.000000
0.257374, 0.792593, 0.000000
0.241471, 0.797582, 0.000000
0.225473, 0.802251, 0.000000
0.209384, 0.806600, 0.000000
0.193211, 0.810626, 0.000000
0.176961, 0.814328, 0.000000
0.160640, 0.817704, 0.000000
0.144255, 0.820753, 0.000000
0.127812, 0.823474, 0.000000
0.111318, 0.825865, 0.000000
0.094780, 0.827926, 0.000000
0.078203, 0.829656, 0.000000
0.061595, 0.831054, 0.000000
0.044963, 0.832120, 0.000000
0.028313, 0.832853, 0.000000
0.011651, 0.833252, 0.000000
-0.005015, 0.833319, 0.000000
-0.021679, 0.833052, 0.000000
-0.038335, 0.832452, 0.000000
-0.054975, 0.831518, 0.000000
-0.071593, 0.830253, 0.000000
-0.088183, 0.828655, 0.000000
-0.104737, 0.826726, 0.000000
-0.121250, 0.824466, 0.000000
-0.137714, 0.821876, 0.000000
-0.154123, 0.818957, 0.000000
-0.170470, 0.815711, 0.000000
-0.186749, 0.812139, 0.000000
-0.202953, 0.808242, 0.000000
-0.219076, 0.804022, 0.000000
-0.235112, 0.799480, 0.000000
-0.251053, 0.794618, 0.000000
-0.266895, 0.789438, 0.000000
-0.282629, 0.783943, 0.000000
-0.298250, 0.778134, 0.000000
-0.313752, 0.772013, 0.000000
-0.329129, 0.765584, 0.000000
-0.344373, 0.758849, 0.000000
-0.359481, 0.751810, 0.000000
-0.374444, 0.744471, 0.000000
-0.389257, 0.736834, 0.000000
-0.403915, 0.728902, 0.000000
-0.418411, 0.720678, 0.000000
-0.432740, 0.712166, 0.000000
-0.446896, 0.703370, 0.000000
-0.460873, 0.694292, 0.000000
-0.474666, 0.684936, 0.000000
-0.488269, 0.675306, 0.000000
-0.501676, 0.665406, 0.000000
-0.514883, 0.655241, 0.000000
-0.527884, 0.644813, 0.000000
-0.540674, 0.634127, 0.000000
-0.553248, 0.623187, 0.000000
-0.565600, 0.611998, 0.000000
-0.577726, 0.600564, 0.000000
-0.589621, 0.588891, 0.000000
-0.601280, 0.576981, 0.000000
-0.612699, 0.564841, 0.000000
-0.623872, 0.552475, 0.000000
-0.634796, 0.539888, 0.000000
-0.645466, 0.527085, 0.000000
-0.655878, 0.514071, 0.000000
-0.666028, 0.500851, 0.000000
-0.675911, 0.487431, 0.000000
-0.685524, 0.473817, 0.000000
-0.694862, 0.460012, 0.000000
-0.703923, 0.446024, 0.000000
-0.712702, 0.431857, 0.000000
-0.721196, 0.417518, 0.000000
-0.729402, 0.403011, 0.000000
-0.737316, 0.388344, 0.000000
-0.744934, 0.373521, 0.000000
-0.752255, 0.358548, 0.000000
-0.759275, 0.343433, 0.000000
-0.765992, 0.328179, 0.000000
-0.772402, 0.312795, 0.000000
-0.778503, 0.297285, 0.000000
-0.784292, 0.281657, 0.000000
-0.789768, 0.265916, 0.000000
-0.794928, 0.250068, 0.000000
-0.799770, 0.234121, 0.000000
-0.804293, 0.218080, 0.000000
-0.808493, 0.201951, 0.000000
-0.812370, 0.185742, 0.000000
-0.815922, 0.169459, 0.000000
-0.819148, 0.153107, 0.000000
-0.822046, 0.136695, 0.000000
-0.824615, 0.120228, 0.000000
-0.826855, 0.103712, 0.000000
-0.828764, 0.087156, 0.000000
-0.830341, 0.070564, 0.000000
-0.831586, 0.053944, 0.000000
-0.832498, 0.037303, 0.000000
-0.833078, 0.020647, 0.000000
-0.833324, 0.003982, 0.000000
-0.833237, -0.012684, 0.000000
-0.832817, -0.029345, 0.000000
-0.832063, -0.045995, 0.000000
-0.830977, -0.062626, 0.000000
-0.829559, -0.079232, 0.000000
-0.827808, -0.095806, 0.000000
-0.825727, -0.112342, 0.000000
-0.823315, -0.128833, 0.000000
-0.820574, -0.145272, 0.000000
-0.817504, -0.161653, 0.000000
-0.814108, -0.177970, 0.000000
-0.810386, -0.194216, 0.000000
-0.806340, -0.210383, 0.000000
-0.801971, -0.226467, 0.000000
-0.797282, -0.242460, 0.000000
-0.792273, -0.258356, 0.000000
-0.786948, -0.274149, 0.000000
-0.781308, -0.289832, 0.000000
-0.775356, -0.305399, 0.000000
-0.769093, -0.320844, 0.000000
-0.762523, -0.336161, 0.000000
-0.755648, -0.351343, 0.000000
-0.748470, -0.366385, 0.000000
-0.740993, -0.381280, 0.000000
-0.733220, -0.396022, 0.000000
-0.725153, -0.410607, 0.000000
-0.716797, -0.425027, 0.000000
-0.708153, -0.439277, 0.000000
-0.699227, -0.453351, 0.000000


