# plut this data with command: splot "streams.dat" u 1:2:3 w lines
# X      Y      Z
0.650000, 0.650000, 0.100000
0.636923, 0.663077, 0.100000
0.623583, 0.675890, 0.100000
0.609986, 0.688435, 0.100000
0.596136, 0.700707, 0.100000
0.582039, 0.712700, 0.100000
0.567702, 0.724409, 0.100000
0.553128, 0.735830, 0.100000
0.538325, 0.746958, 0.100000
0.523298, 0.757788, 0.100000
0.508053, 0.768315, 0.100000
0.492597, 0.778536, 0.100000
0.476934, 0.788446, 0.100000
0.461073, 0.798040, 0.100000
0.445018, 0.807316, 0.100000
0.428777, 0.816268, 0.100000
0.412356, 0.824894, 0.100000
0.395762, 0.833190, 0.100000
0.379000, 0.841151, 0.100000
0.362079, 0.848776, 0.100000
0.345004, 0.856060, 0.100000
0.327782, 0.863000, 0.100000
0.310421, 0.869594, 0.100000
0.292928, 0.875839, 0.100000
0.275309, 0.881732, 0.100000
0.257571, 0.887270, 0.100000
0.239722, 0.892452, 0.100000
0.221769, 0.897274, 0.100000
0.203718, 0.901735, 0.100000
0.185579, 0.905833, 0.100000
0.167356, 0.909567, 0.100000
0.149059, 0.912933, 0.100000
0.130694, 0.915932, 0.100000
0.112269, 0.918561, 0.100000
0.093790, 0.920819, 0.100000
0.075267, 0.922706, 0.100000
0.056705, 0.924220, 0.100000
0.038113, 0.925361, 0.100000
0.019499, 0.926127, 0.100000
0.000869, 0.926520, 0.100000
-0.017769, 0.926537, 0.100000
-0.036408, 0.926180, 0.100000
-0.055039, 0.925447, 0.100000
-0.073655, 0.924340, 0.100000
-0.092249, 0.922859, 0.100000
-0.110813, 0.921003, 0.100000
-0.129340, 0.918774, 0.100000
-0.147822, 0.916172, 0.100000
-0.166252, 0.913198, 0.100000
-0.184621, 0.909854, 0.100000
-0.202924, 0.906140, 0.100000
-0.221151, 0.902058, 0.100000
-0.239297, 0.897610, 0.100000
-0.257352, 0.892796, 0.100000
-0.275311, 0.887619, 0.100000
-0.293166, 0.882082, 0.100000
-0.310910, 0.876184, 0.100000
-0.328535, 0.869930, 0.100000
-0.346033, 0.863322, 0.100000
-0.363399, 0.856361, 0.100000
-0.380625, 0.849051, 0.100000
-0.397704, 0.841395, 0.100000
-0.414629, 0.833395, 0.100000
-0.431393, 0.825055, 0.100000
-0.447989, 0.816377, 0.100000
-0.464410, 0.807366, 0.100000
-0.480650, 0.798024, 0.100000
-0.496702, 0.788356, 0.100000
-0.512560, 0.778365, 0.100000
-0.528217, 0.768055, 0.100000
-0.543666, 0.757430, 0.100000
-0.558901, 0.746494, 0.100000
-0.573917, 0.735252, 0.100000
-0.588706, 0.723708, 0.100000
-0.603263, 0.711867, 0.100000
-0.617582, 0.699732, 0.100000
-0.631657, 0.687310, 0.100000
-0.645482, 0.674604, 0.100000
-0.659051, 0.661621, 0.100000
-0.672359, 0.648365, 0.100000
-0.685400, 0.634841, 0.100000
-0.698170, 0.621054, 0.100000
-0.710662, 0.607011, 0.100000
-0.722871, 0.592717, 0.100000
-0.734793, 0.578177, 0.100000
-0.746423, 0.563397, 0.100000
-0.757755, 0.548384, 0.100000
-0.768785, 0.533142, 0.100000
-0.779509, 0.517679, 0.100000
-0.789921, 0.502000, 0.100000
-0.800018, 0.486112, 0.100000
-0.809796, 0.470020, 0.100000
-0.819250, 0.453732, 0.100000
-0.828376, 0.437254, 0.100000
-0.837171, 0.420592, 0.100000
-0.845630, 0.403754, 0.100000
-0.853751, 0.386745, 0.100000
-0.861530, 0.369573, 0.100000
-0.868964, 0.352245, 0.100000
-0.876048, 0.334767, 0.100000
-0.882782, 0.317147, 0.100000
-0.889161, 0.299391, 0.100000
-0.895182, 0.281507, 0.100000
-0.900844, 0.263502, 0.100000
-0.906144, 0.245383, 0.100000
-0.911080, 0.227158, 0.100000
-0.915649, 0.208833, 0.100000
-0.919849, 0.190417, 0.100000
-0.923679, 0.171916, 0.100000
-0.927136, 0.153338, 0.100000
-0.930220, 0.134690, 0.100000
-0.932930, 0.115981, 0.100000
-0.935262, 0.097217, 0.100000
-0.937218, 0.078406, 0.100000
-0.938794, 0.059556, 0.100000
-0.939992, 0.040675, 0.100000
-0.940810, 0.021769, 0.100000
-0.941248, 0.002847, 0.100000
-0.941306, -0.016084, 0.100000
-0.940982, -0.035016, 0.100000
-0.940278, -0.053942, 0.100000
-0.939193, -0.072853, 0.100000
-0.937728, -0.091742, 0.100000
-0.935882, -0.110602, 0.100000
-0.933658, -0.129425, 0.100000
-0.931055, -0.148203, 0.100000
-0.928074, -0.166928, 0.100000
-0.924717, -0.185594, 0.100000
-0.920984, -0.204192, 0.100000
-0.916878, -0.222715, 0.100000
-0.912398, -0.241155, 0.100000
-0.907548, -0.259505, 0.100000
-0.902329, -0.277758, 0.100000
-0.896743, -0.295905, 0.100000
-0.890792, -0.313940, 0.100000
-0.884478, -0.331856, 0.100000
-0.877804, -0.349644, 0.100000
-0.870772, -0.367298, 0.100000
-0.863385, -0.384811, 0.100000
-0.855646, -0.402175, 0.100000
-0.847557, -0.419383, 0.100000
-0.839123, -0.436429, 0.100000
-0.830346, -0.453305, 0.100000
-0.821229, -0.470004, 0.100000
-0.811777, -0.486521, 0.100000
-0.801992, -0.502846, 0.100000
-0.791879, -0.518975, 0.100000
-0.781442, -0.534901, 0.100000
-0.770684, -0.550617, 0.100000
-0.759611, -0.566116, 0.100000
-0.748226, -0.581393, 0.100000
-0.736533, -0.596440, 0.100000
-0.724538, -0.611253, 0.100000
-0.712245, -0.625824, 0.100000
-0.699659, -0.640148, 0.100000
-0.686785, -0.654219, 0.100000
-0.673629, -0.668031, 0.100000
-0.660194, -0.681578, 0.100000
-0.646487, -0.694855, 0.100000
-0.632513, -0.707856, 0.100000
-0.618277, -0.720576, 0.100000
-0.603786, -0.733010, 0.100000
-0.589045, -0.745153, 0.100000
-0.574059, -0.756999, 0.100000
-0.558836, -0.768543, 0.100000
-0.543380, -0.779782, 0.100000
-0.527698, -0.790709, 0.100000
-0.511797, -0.801322, 0.100000
-0.495682, -0.811614, 0.100000
-0.479360, -0.821582, 0.100000
-0.462838, -0.831222, 0.100000
-0.446122, -0.840530, 0.100000
-0.429219, -0.849502, 0.100000
-0.412135, -0.858133, 0.100000
-0.394878, -0.866421, 0.100000
-0.377455, -0.874362, 0.100000
-0.359871, -0.881953, 0.100000
-0.342135, -0.889190, 0.100000
-0.324254, -0.896070, 0.100000
-0.306234, -0.902591, 0.100000
-0.288083, -0.908749, 0.100000
-0.269808, -0.914542, 0.100000
-0.251417, -0.919968, 0.100000
-0.232917, -0.925024, 0.100000
-0.214315, -0.929708, 0.100000
-0.195619, -0.934018, 0.100000
-0.176836, -0.937951, 0.100000
-0.157975, -0.941508, 0.100000
-0.139042, -0.944684, 0.100000
-0.120044, -0.947480, 0.100000
-0.100991, -0.949894, 0.100000
-0.081890, -0.951925, 0.100000
-0.062747, -0.953572, 0.100000
-0.043572, -0.954834, 0.100000
-0.024371, -0.955710, 0.100000
-0.005152, -0.956200, 0.100000
0.014076, -0.956304, 0.100000
0.033306, -0.956021, 0.100000
0.052531, -0.955351, 0.100000
0.071742, -0.954294, 0.100000
0.090932, -0.952852, 0.100000
0.110093, -0.951023, 0.100000
0.129217, -0.948809, 0.100000
0.148296, -0.946211, 0.100000
0.167323, -0.943229, 0.100000
0.186290, -0.939864, 0.100000
0.205190, -0.936118, 0.100000
0.224014, -0.931992, 0.100000
0.242755, -0.927488, 0.100000
0.261405, -0.922606, 0.100000
0.279957, -0.917350, 0.100000
0.298404, -0.911720, 0.100000
0.316737, -0.905720, 0.100000
0.334949, -0.899351, 0.100000
0.353034, -0.892615, 0.100000
0.370983, -0.885517, 0.100000
0.388789, -0.878057, 0.100000
0.406445, -0.870239, 0.100000
0.423944, -0.862066, 0.100000
0.441278, -0.853541, 0.100000
0.458441, -0.844668, 0.100000
0.475426, -0.835450, 0.100000
0.492225, -0.825890, 0.100000
0.508832, -0.815992, 0.100000
0.525240, -0.805761, 0.100000
0.541442, -0.795200, 0.100000
0.557432, -0.784312, 0.100000
0.573202, -0.773104, 0.100000
0.588748, -0.761578, 0.100000
0.604061, -0.749740, 0.100000
0.619137, -0.737593, 0.100000
0.633968, -0.725144, 0.100000
0.648549, -0.712397, 0.100000
0.662873, -0.699356, 0.100000
0.676935, -0.686027, 0.100000
0.690729, -0.672416, 0.100000
0.704250, -0.658527, 0.100000
0.717491, -0.644367, 0.100000
0.730448, -0.629940, 0.100000
0.743114, -0.615253, 0.100000
0.755485, -0.600311, 0.100000
0.767555, -0.585120, 0.100000
0.779321, -0.569687, 0.100000
0.790775, -0.554017, 0.100000
0.801915, -0.538117, 0.100000
0.812735, -0.521993, 0.100000
0.823230, -0.505651, 0.100000
0.833397, -0.489099, 0.100000
0.843232, -0.472342, 0.100000
0.852729, -0.455387, 0.100000
0.861885, -0.438241, 0.100000
0.870697, -0.420912, 0.100000
0.879160, -0.403405, 0.100000
0.887271, -0.385728, 0.100000
0.895027, -0.367888, 0.100000
0.902424, -0.349892, 0.100000
0.909459, -0.331748, 0.100000
0.916129, -0.313462, 0.100000
0.922432, -0.295042, 0.100000
0.928364, -0.276495, 0.100000
0.933923, -0.257829, 0.100000
0.939107, -0.239051, 0.100000
0.943914, -0.220169, 0.100000
0.948340, -0.201191, 0.100000
0.952385, -0.182124, 0.100000
0.956047, -0.162975, 0.100000
0.959324, -0.143752, 0.100000
0.962214, -0.124464, 0.100000
0.964717, -0.105118, 0.100000
0.966830, -0.085722, 0.100000
0.968554, -0.066283, 0.100000
0.969887, -0.046809, 0.100000
0.970828, -0.027309, 0.100000
0.971377, -0.007789, 0.100000
0.971533, 0.011741, 0.100000
0.971297, 0.031274, 0.100000
0.970669, 0.050803, 0.100000
0.969647, 0.070318, 0.100000
0.968233, 0.089814, 0.100000
0.966428, 0.109280, 0.100000
0.964231, 0.128711, 0.100000
0.961643, 0.148097, 0.100000
0.958665, 0.167431, 0.100000
0.955299, 0.186706, 0.100000
0.951545, 0.205912, 0.100000
0.947405, 0.225043, 0.100000
0.942881, 0.244091, 0.100000
0.937973, 0.263048, 0.100000
0.932685, 0.281906, 0.100000
0.927017, 0.300657, 0.100000
0.920972, 0.319295, 0.100000
0.914553, 0.337811, 0.100000
0.907761, 0.356198, 0.100000
0.900600, 0.374449, 0.100000
0.893072, 0.392555, 0.100000
0.885179, 0.410510, 0.100000
0.876926, 0.428306, 0.100000
0.868315, 0.445937, 0.100000
0.859350, 0.463394, 0.100000
0.850033, 0.480671, 0.100000
0.840370, 0.497760, 0.100000
0.830362, 0.514656, 0.100000
0.820015, 0.531350, 0.100000
0.809333, 0.547836, 0.100000
0.798319, 0.564107, 0.100000
0.786978, 0.580157, 0.100000
0.775314, 0.595978, 0.100000
0.763333, 0.611565, 0.100000
0.751038, 0.626912, 0.100000
0.738434, 0.642011, 0.100000
0.725527, 0.656856, 0.100000
0.712321, 0.671442, 0.100000
0.698823, 0.685763, 0.100000
0.685036, 0.699812, 0.100000
0.670967, 0.713584, 0.100000
0.656621, 0.727073, 0.100000
0.642004, 0.740274, 0.100000
0.627122, 0.753180, 0.100000
0.611980, 0.765788, 0.100000
0.596585, 0.778091, 0.100000
0.580942, 0.790085, 0.100000
0.565058, 0.801764, 0.100000
0.548940, 0.813124, 0.100000
0.532593, 0.824159, 0.100000
0.516025, 0.834866, 0.100000
0.499241, 0.845240, 0.100000
0.482249, 0.855277, 0.100000
0.465055, 0.864972, 0.100000
0.447666, 0.874321, 0.100000
0.430089, 0.883320, 0.100000
0.412331, 0.891967, 0.100000
0.394400, 0.900256, 0.100000
0.376302, 0.908185, 0.100000
0.358044, 0.915749, 0.100000
0.339635, 0.922947, 0.100000
0.321081, 0.929775, 0.100000
0.302389, 0.936230, 0.100000
0.283568, 0.942309, 0.100000
0.264625, 0.948009, 0.100000
0.245567, 0.953329, 0.100000
0.226403, 0.958266, 0.100000
0.207139, 0.962817, 0.100000
0.187783, 0.966981, 0.100000
0.168344, 0.970756, 0.100000
0.148830, 0.974140, 0.100000
0.129247, 0.977132, 0.100000
0.109604, 0.979730, 0.100000
0.089909, 0.981934, 0.100000
0.070169, 0.983741, 0.100000
0.050393, 0.985152, 0.100000
0.030589, 0.986165, 0.100000
0.010765, 0.986780, 0.100000
-0.009072, 0.986996, 0.100000
-0.028913, 0.986814, 0.100000
-0.048750, 0.986232, 0.100000
-0.068575, 0.985252, 0.100000
-0.088381, 0.983874, 0.100000
-0.108159, 0.982097, 0.100000
-0.127901, 0.979923, 0.100000
-0.147600, 0.977352, 0.100000
-0.167247, 0.974385, 0.100000
-0.186834, 0.971023, 0.100000
-0.206354, 0.967267, 0.100000
-0.225797, 0.963119, 0.100000
-0.245158, 0.958580, 0.100000
-0.264427, 0.953652, 0.100000
-0.283597, 0.948336, 0.100000
-0.302661, 0.942636, 0.100000
-0.321609, 0.936552, 0.100000
-0.340436, 0.930087, 0.100000
-0.359132, 0.923243, 0.100000
-0.377691, 0.916024, 0.100000
-0.396104, 0.908432, 0.100000
-0.414365, 0.900470, 0.100000
-0.432466, 0.892140, 0.100000
-0.450399, 0.883447, 0.100000
-0.468158, 0.874394, 0.100000
-0.485734, 0.864983, 0.100000
-0.503122, 0.855219, 0.100000
-0.520313, 0.845106, 0.100000
-0.537300, 0.834647, 0.100000
-0.554078, 0.823846, 0.100000
-0.570638, 0.812709, 0.100000
-0.586974, 0.801238, 0.100000
-0.603080, 0.789439, 0.100000
-0.618949, 0.777317, 0.100000
-0.634574, 0.764875, 0.100000
-0.649948, 0.752120, 0.100000
-0.665067, 0.739055, 0.100000
-0.679922, 0.725687, 0.100000
-0.694509, 0.712020, 0.100000
-0.708821, 0.698059, 0.100000
-0.722853, 0.683811, 0.100000


0.300000, 0.300000, 0.100000
0.293836, 0.306164, 0.100000
0.287545, 0.312202, 0.100000
0.281130, 0.318110, 0.100000
0.274593, 0.323887, 0.100000
0.267938, 0.329529, 0.100000
0.261168, 0.335034, 0.100000
0.254284, 0.340400, 0.100000
0.247290, 0.345625, 0.100000
0.240188, 0.350706, 0.100000
0.232983, 0.355641, 0.100000
0.225676, 0.360428, 0.100000
0.218271, 0.365064, 0.100000
0.210770, 0.369549, 0.100000
0.203178, 0.373879, 0.100000
0.195497, 0.378053, 0.100000
0.187730, 0.382070, 0.100000
0.179880, 0.385927, 0.100000
0.171952, 0.389622, 0.100000
0.163947, 0.393155, 0.100000
0.155870, 0.396523, 0.100000
0.147725, 0.399725, 0.100000
0.139513, 0.402759, 0.100000
0.131239, 0.405626, 0.100000
0.122906, 0.408322, 0.100000
0.114518, 0.410846, 0.100000
0.106079, 0.413199, 0.100000
0.097591, 0.415378, 0.100000
0.089058, 0.417383, 0.100000
0.080484, 0.419212, 0.100000
0.071873, 0.420865, 0.100000
0.063228, 0.422342, 0.100000
0.054552, 0.423640, 0.100000
0.045851, 0.424761, 0.100000
0.037126, 0.425703, 0.100000
0.028382, 0.426465, 0.100000
0.019622, 0.427048, 0.100000
0.010850, 0.427451, 0.100000
0.002071, 0.427674, 0.100000
-0.006713, 0.427717, 0.100000
-0.015498, 0.427579, 0.100000
-0.024280, 0.427260, 0.100000
-0.033056, 0.426762, 0.100000
-0.041821, 0.426083, 0.100000
-0.050572, 0.425224, 0.100000
-0.059305, 0.424185, 0.100000
-0.068017, 0.422967, 0.100000
-0.076704, 0.421570, 0.100000
-0.085362, 0.419995, 0.100000
-0.093987, 0.418242, 0.100000
-0.102577, 0.416312, 0.100000
-0.111126, 0.414205, 0.100000
-0.119633, 0.411923, 0.100000
-0.128092, 0.409466, 0.100000
-0.136501, 0.406836, 0.100000
-0.144856, 0.404032, 0.100000
-0.153153, 0.401058, 0.100000
-0.161389, 0.397913, 0.100000
-0.169560, 0.394599, 0.100000
-0.177663, 0.391117, 0.100000
-0.185694, 0.387468, 0.100000
-0.193651, 0.383655, 0.100000
-0.201529, 0.379679, 0.100000
-0.209325, 0.375541, 0.100000
-0.217037, 0.371242, 0.100000
-0.224660, 0.366786, 0.100000
-0.232191, 0.362173, 0.100000
-0.239628, 0.357405, 0.100000
-0.246966, 0.352485, 0.100000
-0.254204, 0.347414, 0.100000
-0.261337, 0.342194, 0.100000
-0.268363, 0.336829, 0.100000
-0.275279, 0.331319, 0.100000
-0.282081, 0.325667, 0.100000
-0.288768, 0.319875, 0.100000
-0.295335, 0.313946, 0.100000
-0.301781, 0.307883, 0.100000
-0.308102, 0.301687, 0.100000
-0.314296, 0.295361, 0.100000
-0.320360, 0.288908, 0.100000
-0.326291, 0.282331, 0.100000
-0.332088, 0.275633, 0.100000
-0.337746, 0.268815, 0.100000
-0.343265, 0.261881, 0.100000
-0.348641, 0.254834, 0.100000
-0.353873, 0.247677, 0.100000
-0.358957, 0.240412, 0.100000
-0.363893, 0.233043, 0.100000
-0.368677, 0.225573, 0.100000
-0.373307, 0.218005, 0.100000
-0.377783, 0.210341, 0.100000
-0.382100, 0.202586, 0.100000
-0.386259, 0.194743, 0.100000
-0.390257, 0.186814, 0.100000
-0.394091, 0.178803, 0.100000
-0.397762, 0.170713, 0.100000
-0.401266, 0.162548, 0.100000
-0.404602, 0.154312, 0.100000
-0.407770, 0.146007, 0.100000
-0.410767, 0.137637, 0.100000
-0.413592, 0.129206, 0.100000
-0.416244, 0.120716, 0.100000
-0.418722, 0.112173, 0.100000
-0.421024, 0.103578, 0.100000
-0.423150, 0.094937, 0.100000
-0.425099, 0.086252, 0.100000
-0.426869, 0.077527, 0.100000
-0.428460, 0.068765, 0.100000
-0.429871, 0.059972, 0.100000
-0.431102, 0.051149, 0.100000
-0.432152, 0.042301, 0.100000
-0.433020, 0.033432, 0.100000
-0.433706, 0.024545, 0.100000
-0.434210, 0.015644, 0.100000
-0.434531, 0.006733, 0.100000
-0.434669, -0.002185, 0.100000
-0.434625, -0.011106, 0.100000
-0.434397, -0.020025, 0.100000
-0.433986, -0.028940, 0.100000
-0.433392, -0.037846, 0.100000
-0.432615, -0.046740, 0.100000
-0.431656, -0.055618, 0.100000
-0.430515, -0.064476, 0.100000
-0.429192, -0.073310, 0.100000
-0.427687, -0.082118, 0.100000
-0.426002, -0.090894, 0.100000
-0.424137, -0.099636, 0.100000
-0.422092, -0.108339, 0.100000
-0.419869, -0.117000, 0.100000
-0.417468, -0.125616, 0.100000
-0.414891, -0.134182, 0.100000
-0.412138, -0.142695, 0.100000
-0.409210, -0.151152, 0.100000
-0.406108, -0.159548, 0.100000
-0.402834, -0.167881, 0.100000
-0.399390, -0.176147, 0.100000
-0.395776, -0.184341, 0.100000
-0.391993, -0.192462, 0.100000
-0.388044, -0.200505, 0.100000
-0.383931, -0.208466, 0.100000
-0.379653, -0.216343, 0.100000
-0.375215, -0.224133, 0.100000
-0.370616, -0.231831, 0.100000
-0.365860, -0.239435, 0.100000
-0.360948, -0.246941, 0.100000
-0.355881, -0.254346, 0.100000
-0.350663, -0.261647, 0.100000
-0.345295, -0.268842, 0.100000
-0.339780, -0.275925, 0.100000
-0.334119, -0.282896, 0.100000
-0.328315, -0.289751, 0.100000
-0.322371, -0.296486, 0.100000
-0.316289, -0.303099, 0.100000
-0.310071, -0.309588, 0.100000
-0.303720, -0.315949, 0.100000
-0.297239, -0.322179, 0.100000
-0.290629, -0.328277, 0.100000
-0.283895, -0.334239, 0.100000
-0.277039, -0.340062, 0.100000
-0.270063, -0.345745, 0.100000
-0.262971, -0.351285, 0.100000
-0.255765, -0.356679, 0.100000
-0.248449, -0.361926, 0.100000
-0.241025, -0.367022, 0.100000
-0.233496, -0.371966, 0.100000
-0.225867, -0.376755, 0.100000
-0.218139, -0.381388, 0.100000
-0.210316, -0.385863, 0.100000
-0.202401, -0.390176, 0.100000
-0.194398, -0.394328, 0.100000
-0.186310, -0.398315, 0.100000
-0.178141, -0.402137, 0.100000
-0.169893, -0.405790, 0.100000
-0.161570, -0.409275, 0.100000
-0.153176, -0.412589, 0.100000
-0.144714, -0.415730, 0.100000
-0.136187, -0.418698, 0.100000
-0.127600, -0.421491, 0.100000
-0.118955, -0.424108, 0.100000
-0.110257, -0.426548, 0.100000
-0.101510, -0.428809, 0.100000
-0.092715, -0.430891, 0.100000
-0.083878, -0.432793, 0.100000
-0.075003, -0.434513, 0.100000
-0.066092, -0.436051, 0.100000
-0.057149, -0.437406, 0.100000
-0.048179, -0.438578, 0.100000
-0.039185, -0.439566, 0.100000
-0.030171, -0.440370, 0.100000
-0.021140, -0.440989, 0.100000
-0.012097, -0.441422, 0.100000
-0.003045, -0.441670, 0.100000
0.006012, -0.441733, 0.100000
0.015070, -0.441609, 0.100000
0.024125, -0.441300, 0.100000
0.033175, -0.440806, 0.100000
0.042213, -0.440125, 0.100000
0.051238, -0.439260, 0.100000
0.060245, -0.438209, 0.100000
0.069231, -0.436974, 0.100000
0.078191, -0.435554, 0.100000
0.087121, -0.433951, 0.100000
0.096019, -0.432165, 0.100000
0.104880, -0.430196, 0.100000
0.113701, -0.428045, 0.100000
0.122477, -0.425714, 0.100000
0.131206, -0.423203, 0.100000
0.139883, -0.420513, 0.100000
0.148504, -0.417645, 0.100000
0.157067, -0.414600, 0.100000
0.165567, -0.411380, 0.100000
0.174002, -0.407985, 0.100000
0.182366, -0.404418, 0.100000
0.190657, -0.400679, 0.100000
0.198872, -0.396770, 0.100000
0.207006, -0.392693, 0.100000
0.215057, -0.388449, 0.100000
0.223021, -0.384040, 0.100000
0.230894, -0.379468, 0.100000
0.238673, -0.374735, 0.100000
0.246355, -0.369842, 0.100000
0.253937, -0.364792, 0.100000
0.261415, -0.359586, 0.100000
0.268787, -0.354227, 0.100000
0.276048, -0.348717, 0.100000
0.283197, -0.343058, 0.100000
0.290229, -0.337253, 0.100000
0.297142, -0.331304, 0.100000
0.303934, -0.325213, 0.100000
0.310600, -0.318982, 0.100000
0.317139, -0.312616, 0.100000
0.323547, -0.306115, 0.100000
0.329821, -0.299483, 0.100000
0.335960, -0.292722, 0.100000
0.341960, -0.285836, 0.100000
0.347819, -0.278827, 0.100000
0.353534, -0.271697, 0.100000
0.359103, -0.264451, 0.100000
0.364523, -0.257091, 0.100000
0.369793, -0.249619, 0.100000
0.374909, -0.242040, 0.100000
0.379870, -0.234356, 0.100000
0.384673, -0.226570, 0.100000
0.389317, -0.218686, 0.100000
0.393799, -0.210707, 0.100000
0.398117, -0.202636, 0.100000
0.402270, -0.194476, 0.100000
0.406256, -0.186232, 0.100000
0.410073, -0.177906, 0.100000
0.413719, -0.169502, 0.100000
0.417193, -0.161023, 0.100000
0.420493, -0.152473, 0.100000
0.423618, -0.143856, 0.100000
0.426566, -0.135174, 0.100000
0.429336, -0.126432, 0.100000
0.431927, -0.117634, 0.100000
0.434337, -0.108782, 0.100000
0.436567, -0.099882, 0.100000
0.438614, -0.090935, 0.100000
0.440477, -0.081947, 0.100000
0.442156, -0.072921, 0.100000
0.443651, -0.063860, 0.100000
0.444959, -0.054769, 0.100000
0.446081, -0.045651, 0.100000
0.447017, -0.036510, 0.100000
0.447765, -0.027350, 0.100000
0.448325, -0.018175, 0.100000
0.448698, -0.008989, 0.100000
0.448882, 0.000205, 0.100000
0.448878, 0.009403, 0.100000
0.448685, 0.018600, 0.100000
0.448304, 0.027794, 0.100000
0.447735, 0.036980, 0.100000
0.446977, 0.046153, 0.100000
0.446031, 0.055312, 0.100000
0.444898, 0.064450, 0.100000
0.443577, 0.073566, 0.100000
0.442070, 0.082654, 0.100000
0.440377, 0.091711, 0.100000
0.438498, 0.100734, 0.100000
0.436434, 0.109718, 0.100000
0.434186, 0.118660, 0.100000
0.431755, 0.127555, 0.100000
0.429142, 0.136401, 0.100000
0.426347, 0.145192, 0.100000
0.423373, 0.153927, 0.100000
0.420219, 0.162601, 0.100000
0.416888, 0.171209, 0.100000
0.413381, 0.179750, 0.100000
0.409698, 0.188219, 0.100000
0.405842, 0.196612, 0.100000
0.401815, 0.204926, 0.100000
0.397617, 0.213157, 0.100000
0.393250, 0.221303, 0.100000
0.388716, 0.229358, 0.100000
0.384018, 0.237321, 0.100000
0.379157, 0.245188, 0.100000
0.374134, 0.252955, 0.100000
0.368952, 0.260619, 0.100000
0.363614, 0.268176, 0.100000
0.358120, 0.275625, 0.100000
0.352475, 0.282960, 0.100000
0.346679, 0.290180, 0.100000
0.340735, 0.297281, 0.100000
0.334645, 0.304261, 0.100000
0.328413, 0.311115, 0.100000
0.322041, 0.317842, 0.100000
0.315530, 0.324438, 0.100000
0.308885, 0.330901, 0.100000
0.302108, 0.337228, 0.100000
0.295200, 0.343415, 0.100000
0.288167, 0.349462, 0.100000
0.281009, 0.355364, 0.100000
0.273731, 0.361119, 0.100000
0.266335, 0.366726, 0.100000
0.258824, 0.372180, 0.100000
0.251201, 0.377481, 0.100000
0.243470, 0.382626, 0.100000
0.235634, 0.387612, 0.100000
0.227695, 0.392438, 0.100000
0.219658, 0.397101, 0.100000
0.211526, 0.401600, 0.100000
0.203301, 0.405932, 0.100000
0.194988, 0.410096, 0.100000
0.186589, 0.414089, 0.100000
0.178109, 0.417910, 0.100000
0.169551, 0.421557, 0.100000
0.160918, 0.425030, 0.100000
0.152214, 0.428325, 0.100000
0.143443, 0.431442, 0.100000
0.134608, 0.434379, 0.100000
0.125713, 0.437136, 0.100000
0.116761, 0.439710, 0.100000
0.107757, 0.442101, 0.100000
0.098704, 0.444308, 0.100000
0.089606, 0.446329, 0.100000
0.080466, 0.448164, 0.100000
0.071289, 0.449811, 0.100000
0.062079, 0.451271, 0.100000
0.052839, 0.452542, 0.100000
0.043572, 0.453624, 0.100000
0.034284, 0.454516, 0.100000
0.024977, 0.455218, 0.100000
0.015657, 0.455730, 0.100000
0.006325, 0.456050, 0.100000
-0.003012, 0.456180, 0.100000
-0.012353, 0.456118, 0.100000
-0.021691, 0.455865, 0.100000
-0.031025, 0.455421, 0.100000
-0.040349, 0.454786, 0.100000
-0.049661, 0.453960, 0.100000
-0.058955, 0.452943, 0.100000
-0.068229, 0.451736, 0.100000
-0.077477, 0.450339, 0.100000
-0.086697, 0.448753, 0.100000
-0.095884, 0.446978, 0.100000
-0.105035, 0.445015, 0.100000
-0.114146, 0.442865, 0.100000
-0.123213, 0.440528, 0.100000
-0.132231, 0.438005, 0.100000
-0.141198, 0.435298, 0.100000
-0.150110, 0.432408, 0.100000
-0.158962, 0.429335, 0.100000
-0.167751, 0.426081, 0.100000
-0.176473, 0.422647, 0.100000
-0.185125, 0.419034, 0.100000
-0.193703, 0.415244, 0.100000
-0.202204, 0.411279, 0.100000
-0.210623, 0.407140, 0.100000
-0.218957, 0.402828, 0.100000
-0.227203, 0.398346, 0.100000
-0.235357, 0.393695, 0.100000
-0.243416, 0.388878, 0.100000
-0.251376, 0.383895, 0.100000
-0.259234, 0.378749, 0.100000
-0.266987, 0.373443, 0.100000
-0.274631, 0.367978, 0.100000
-0.282163, 0.362357, 0.100000
-0.289580, 0.356581, 0.100000
-0.296879, 0.350654, 0.100000
-0.304056, 0.344577, 0.100000
-0.311109, 0.338354, 0.100000
-0.318034, 0.331986, 0.100000
-0.324829, 0.325477, 0.100000
-0.331491, 0.318828, 0.100000
-0.338016, 0.312044, 0.100000
-0.344403, 0.305125, 0.100000
-0.350648, 0.298077, 0.100000
-0.356749, 0.290900, 0.100000
-0.362702, 0.283599, 0.100000
-0.368507, 0.276175, 0.100000
-0.374159, 0.268634, 0.100000
-0.379657, 0.260976, 0.100000
-0.384998, 0.253206, 0.100000
-0.390180, 0.245327, 0.100000
-0.395200, 0.237342, 0.100000
-0.400058, 0.229254, 0.100000
-0.404749, 0.221067, 0.100000
-0.409273, 0.212784, 0.100000
-0.413628, 0.204408, 0.100000
-0.417811, 0.195943, 0.100000
-0.421821, 0.187393, 0.100000
-0.425656, 0.178761, 0.100000
-0.429314, 0.170051, 0.100000
-0.432794, 0.161265, 0.100000
-0.436094, 0.152409, 0.100000
-0.439213, 0.143485, 0.100000
-0.442149, 0.134497, 0.100000
-0.444901, 0.125450, 0.100000
-0.447468, 0.116346, 0.100000
-0.449849, 0.107190, 0.100000
-0.452042, 0.097985, 0.100000
-0.454047, 0.088735, 0.100000
-0.455863, 0.079444, 0.100000
-0.457488, 0.070117, 0.100000
-0.458923, 0.060756, 0.100000
-0.460166, 0.051366, 0.100000
-0.461217, 0.041950, 0.100000
-0.462075, 0.032513, 0.100000
-0.462741, 0.023059, 0.100000
-0.463212, 0.013591, 0.100000
-0.463490, 0.004113, 0.100000
-0.463575, -0.005370, 0.100000
-0.463465, -0.014855, 0.100000
-0.463161, -0.024337, 0.100000
-0.462663, -0.033813, 0.100000
-0.461971, -0.043279, 0.100000
-0.461086, -0.052730, 0.100000
-0.460007, -0.062164, 0.100000
-0.458735, -0.071575, 0.100000
-0.457271, -0.080960, 0.100000
-0.455614, -0.090315, 0.100000
-0.453767, -0.099636, 0.100000
-0.451728, -0.108919, 0.100000
-0.449500, -0.118161, 0.100000
-0.447083, -0.127357, 0.100000
-0.444477, -0.136503, 0.100000
-0.441685, -0.145596, 0.100000
-0.438706, -0.154631, 0.100000
-0.435543, -0.163606, 0.100000
-0.432196, -0.172516, 0.100000
-0.428667, -0.181357, 0.100000
-0.424957, -0.190126, 0.100000
-0.421068, -0.198819, 0.100000
-0.417001, -0.207432, 0.100000
-0.412758, -0.215962, 0.100000
-0.408340, -0.224405, 0.100000
-0.403750, -0.232758, 0.100000
-0.398989, -0.241017, 0.100000
-0.394059, -0.249178, 0.100000
-0.388962, -0.257239, 0.100000
-0.383700, -0.265195, 0.100000
-0.378276, -0.273043, 0.100000
-0.372691, -0.280781, 0.100000
-0.366948, -0.288404, 0.100000
-0.361049, -0.295909, 0.100000
-0.354996, -0.303294, 0.100000
-0.348793, -0.310555, 0.100000
-0.342441, -0.317689, 0.100000
-0.335943, -0.324693, 0.100000
-0.329302, -0.331564, 0.100000
-0.322521, -0.338299, 0.100000
-0.315602, -0.344895, 0.100000
-0.308548, -0.351350, 0.100000
-0.301362, -0.357661, 0.100000
-0.294047, -0.363824, 0.100000
-0.286606, -0.369838, 0.100000
-0.279042, -0.375700, 0.100000
-0.271359, -0.381406, 0.100000
-0.263558, -0.386956, 0.100000
-0.255645, -0.392346, 0.100000
-0.247621, -0.397574, 0.100000
-0.239490, -0.402638, 0.100000
-0.231256, -0.407536, 0.100000
-0.222922, -0.412265, 0.100000
-0.214491, -0.416824, 0.100000
-0.205967, -0.421211, 0.100000
-0.197353, -0.425423, 0.100000
-0.188653, -0.429458, 0.100000
-0.179871, -0.433316, 0.100000
-0.171010, -0.436994, 0.100000
-0.162074, -0.440491, 0.100000
-0.153066, -0.443806, 0.100000
-0.143991, -0.446936, 0.100000
-0.134852, -0.449880, 0.100000
-0.125653, -0.452638, 0.100000
-0.116397, -0.455207, 0.100000
-0.107089, -0.457587, 0.100000
-0.097732, -0.459777, 0.100000
-0.088331, -0.461775, 0.100000
-0.078889, -0.463581, 0.100000
-0.069410, -0.465194, 0.100000
-0.059898, -0.466614, 0.100000
-0.050357, -0.467838, 0.100000
-0.040792, -0.468868, 0.100000
-0.031205, -0.469702, 0.100000
-0.021601, -0.470340, 0.100000
-0.011985, -0.470782, 0.100000
-0.002359, -0.471027, 0.100000
0.007271, -0.471075, 0.100000
0.016903, -0.470926, 0.100000


0.500000, 0.000000, 0.000000
0.500000, 0.010000, 0.000000
0.499800, 0.020000, 0.000000
0.499400, 0.029996, 0.000000
0.498800, 0.039984, 0.000000
0.498000, 0.049960, 0.000000
0.497001, 0.059920, 0.000000
0.495803, 0.069860, 0.000000
0.494406, 0.079776, 0.000000
0.492810, 0.089664, 0.000000
0.491017, 0.099520, 0.000000
0.489026, 0.109341, 0.000000
0.486840, 0.119121, 0.000000
0.484457, 0.128858, 0.000000
0.481880, 0.138547, 0.000000
0.479109, 0.148185, 0.000000
0.476145, 0.157767, 0.000000
0.472990, 0.167290, 0.000000
0.469644, 0.176750, 0.000000
0.466109, 0.186143, 0.000000
0.462386, 0.195465, 0.000000
0.458477, 0.204712, 0.000000
0.454383, 0.213882, 0.000000
0.450105, 0.222970, 0.000000
0.445646, 0.231972, 0.000000
0.441006, 0.240885, 0.000000
0.436189, 0.249705, 0.000000
0.431195, 0.258429, 0.000000
0.426026, 0.267052, 0.000000
0.420685, 0.275573, 0.000000
0.415173, 0.283987, 0.000000
0.409494, 0.292290, 0.000000
0.403648, 0.300480, 0.000000
0.397638, 0.308553, 0.000000
0.391467, 0.316506, 0.000000
0.385137, 0.324335, 0.000000
0.378650, 0.332038, 0.000000
0.372010, 0.339611, 0.000000
0.365217, 0.347051, 0.000000
0.358276, 0.354355, 0.000000
0.351189, 0.361521, 0.000000
0.343959, 0.368545, 0.000000
0.336588, 0.375424, 0.000000
0.329080, 0.382156, 0.000000
0.321436, 0.388737, 0.000000
0.313662, 0.395166, 0.000000
0.305758, 0.401439, 0.000000
0.297730, 0.407554, 0.000000
0.289579, 0.413509, 0.000000
0.281308, 0.419300, 0.000000
0.272922, 0.424927, 0.000000
0.264424, 0.430385, 0.000000
0.255816, 0.435674, 0.000000
0.247103, 0.440790, 0.000000
0.238287, 0.445732, 0.000000
0.229372, 0.450498, 0.000000
0.220362, 0.455085, 0.000000
0.211261, 0.459492, 0.000000
0.202071, 0.463718, 0.000000
0.192796, 0.467759, 0.000000
0.183441, 0.471615, 0.000000
0.174009, 0.475284, 0.000000
0.164503, 0.478764, 0.000000
0.154928, 0.482054, 0.000000
0.145287, 0.485153, 0.000000
0.135584, 0.488058, 0.000000
0.125823, 0.490770, 0.000000
0.116007, 0.493286, 0.000000
0.106141, 0.495607, 0.000000
0.096229, 0.497729, 0.000000
0.086275, 0.499654, 0.000000
0.076282, 0.501379, 0.000000
0.066254, 0.502905, 0.000000
0.056196, 0.504230, 0.000000
0.046111, 0.505354, 0.000000
0.036004, 0.506276, 0.000000
0.025879, 0.506996, 0.000000
0.015739, 0.507514, 0.000000
0.005589, 0.507829, 0.000000
-0.004568, 0.507940, 0.000000
-0.014727, 0.507849, 0.000000
-0.024884, 0.507555, 0.000000
-0.035035, 0.507057, 0.000000
-0.045176, 0.506356, 0.000000
-0.055303, 0.505453, 0.000000
-0.065412, 0.504346, 0.000000
-0.075499, 0.503038, 0.000000
-0.085560, 0.501528, 0.000000
-0.095590, 0.499817, 0.000000
-0.105587, 0.497905, 0.000000
-0.115545, 0.495794, 0.000000
-0.125461, 0.493483, 0.000000
-0.135330, 0.490973, 0.000000
-0.145150, 0.488267, 0.000000
-0.154915, 0.485364, 0.000000
-0.164622, 0.482266, 0.000000
-0.174268, 0.478973, 0.000000
-0.183847, 0.475488, 0.000000
-0.193357, 0.471811, 0.000000
-0.202793, 0.467944, 0.000000
-0.212152, 0.463888, 0.000000
-0.221430, 0.459645, 0.000000
-0.230623, 0.455216, 0.000000
-0.239727, 0.450604, 0.000000
-0.248739, 0.445809, 0.000000
-0.257655, 0.440834, 0.000000
-0.266472, 0.435681, 0.000000
-0.275186, 0.430352, 0.000000
-0.283793, 0.424848, 0.000000
-0.292290, 0.419172, 0.000000
-0.300673, 0.413326, 0.000000
-0.308940, 0.407313, 0.000000
-0.317086, 0.401134, 0.000000
-0.325109, 0.394792, 0.000000
-0.333004, 0.388290, 0.000000
-0.340770, 0.381630, 0.000000
-0.348403, 0.374815, 0.000000
-0.355899, 0.367847, 0.000000
-0.363256, 0.360729, 0.000000
-0.370471, 0.353464, 0.000000
-0.377540, 0.346054, 0.000000
-0.384461, 0.338503, 0.000000
-0.391231, 0.330814, 0.000000
-0.397847, 0.322990, 0.000000
-0.404307, 0.315033, 0.000000
-0.410608, 0.306946, 0.000000
-0.416747, 0.298734, 0.000000
-0.422721, 0.290399, 0.000000
-0.428529, 0.281945, 0.000000
-0.434168, 0.273374, 0.000000
-0.439636, 0.264691, 0.000000
-0.444930, 0.255898, 0.000000
-0.450048, 0.247000, 0.000000
-0.454988, 0.237999, 0.000000
-0.459748, 0.228899, 0.000000
-0.464326, 0.219704, 0.000000
-0.468720, 0.210417, 0.000000
-0.472928, 0.201043, 0.000000
-0.476949, 0.191585, 0.000000
-0.480781, 0.182046, 0.000000
-0.484421, 0.172430, 0.000000
-0.487870, 0.162742, 0.000000
-0.491125, 0.152984, 0.000000
-0.494185, 0.143162, 0.000000
-0.497048, 0.133278, 0.000000
-0.499713, 0.123337, 0.000000
-0.502180, 0.113343, 0.000000
-0.504447, 0.103299, 0.000000
-0.506513, 0.093210, 0.000000
-0.508377, 0.083080, 0.000000
-0.510039, 0.072912, 0.000000
-0.511497, 0.062712, 0.000000
-0.512751, 0.052482, 0.000000
-0.513801, 0.042227, 0.000000
-0.514645, 0.031951, 0.000000
-0.515284, 0.021658, 0.000000
-0.515718, 0.011352, 0.000000
-0.515945, 0.001038, 0.000000
-0.515965, -0.009281, 0.000000
-0.515780, -0.019601, 0.000000
-0.515388, -0.029916, 0.000000
-0.514789, -0.040224, 0.000000
-0.513985, -0.050520, 0.000000
-0.512974, -0.060799, 0.000000
-0.511758, -0.071059, 0.000000
-0.510337, -0.081294, 0.000000
-0.508711, -0.091501, 0.000000
-0.506881, -0.101675, 0.000000
-0.504848, -0.111813, 0.000000
-0.502612, -0.121910, 0.000000
-0.500173, -0.131962, 0.000000
-0.497534, -0.141965, 0.000000
-0.494695, -0.151916, 0.000000
-0.491657, -0.161810, 0.000000
-0.488420, -0.171643, 0.000000
-0.484988, -0.181411, 0.000000
-0.481359, -0.191111, 0.000000
-0.477537, -0.200738, 0.000000
-0.473522, -0.210289, 0.000000
-0.469317, -0.219759, 0.000000
-0.464921, -0.229146, 0.000000
-0.460338, -0.238444, 0.000000
-0.455570, -0.247651, 0.000000
-0.450617, -0.256762, 0.000000
-0.445481, -0.265775, 0.000000
-0.440166, -0.274684, 0.000000
-0.434672, -0.283488, 0.000000
-0.429002, -0.292181, 0.000000
-0.423159, -0.300761, 0.000000
-0.417144, -0.309224, 0.000000
-0.410959, -0.317567, 0.000000
-0.404608, -0.325786, 0.000000
-0.398092, -0.333879, 0.000000
-0.391414, -0.341840, 0.000000
-0.384578, -0.349669, 0.000000
-0.377584, -0.357360, 0.000000
-0.370437, -0.364912, 0.000000
-0.363139, -0.372321, 0.000000
-0.355692, -0.379583, 0.000000
-0.348101, -0.386697, 0.000000
-0.340367, -0.393659, 0.000000
-0.332494, -0.400467, 0.000000
-0.324484, -0.407117, 0.000000
-0.316342, -0.413606, 0.000000
-0.308070, -0.419933, 0.000000
-0.299671, -0.426094, 0.000000
-0.291149, -0.432088, 0.000000
-0.282508, -0.437911, 0.000000
-0.273749, -0.443561, 0.000000
-0.264878, -0.449036, 0.000000
-0.255897, -0.454334, 0.000000
-0.246811, -0.459451, 0.000000
-0.237622, -0.464388, 0.000000
-0.228334, -0.469140, 0.000000
-0.218951, -0.473707, 0.000000
-0.209477, -0.478086, 0.000000
-0.199915, -0.482275, 0.000000
-0.190270, -0.486274, 0.000000
-0.180544, -0.490079, 0.000000
-0.170743, -0.493690, 0.000000
-0.160869, -0.497105, 0.000000
-0.150927, -0.500322, 0.000000
-0.140920, -0.503341, 0.000000
-0.130854, -0.506159, 0.000000
-0.120730, -0.508776, 0.000000
-0.110555, -0.511191, 0.000000
-0.100331, -0.513402, 0.000000
-0.090063, -0.515409, 0.000000
-0.079755, -0.517210, 0.000000
-0.069411, -0.518805, 0.000000
-0.059035, -0.520193, 0.000000
-0.048631, -0.521374, 0.000000
-0.038203, -0.522346, 0.000000
-0.027756, -0.523111, 0.000000
-0.017294, -0.523666, 0.000000
-0.006821, -0.524011, 0.000000
0.003659, -0.524148, 0.000000
0.014142, -0.524075, 0.000000
0.024624, -0.523792, 0.000000
0.035100, -0.523299, 0.000000
0.045566, -0.522597, 0.000000
0.056018, -0.521686, 0.000000
0.066451, -0.520566, 0.000000
0.076863, -0.519237, 0.000000
0.087247, -0.517700, 0.000000
0.097601, -0.515955, 0.000000
0.107921, -0.514003, 0.000000
0.118201, -0.511844, 0.000000
0.128438, -0.509480, 0.000000
0.138627, -0.506911, 0.000000
0.148765, -0.504139, 0.000000
0.158848, -0.501164, 0.000000
0.168871, -0.497987, 0.000000
0.178831, -0.494609, 0.000000
0.188723, -0.491033, 0.000000
0.198544, -0.487258, 0.000000
0.208289, -0.483287, 0.000000
0.217955, -0.479121, 0.000000
0.227537, -0.474762, 0.000000
0.237033, -0.470212, 0.000000
0.246437, -0.465471, 0.000000
0.255746, -0.460542, 0.000000
0.264957, -0.455427, 0.000000
0.274066, -0.450128, 0.000000
0.283068, -0.444647, 0.000000
0.291961, -0.438985, 0.000000
0.300741, -0.433146, 0.000000
0.309404, -0.427131, 0.000000
0.317946, -0.420943, 0.000000
0.326365, -0.414584, 0.000000
0.334657, -0.408057, 0.000000
0.342818, -0.401364, 0.000000
0.350845, -0.394508, 0.000000
0.358735, -0.387491, 0.000000
0.366485, -0.380316, 0.000000
0.374092, -0.372986, 0.000000
0.381551, -0.365504, 0.000000
0.388861, -0.357873, 0.000000
0.396019, -0.350096, 0.000000
0.403021, -0.342176, 0.000000
0.409864, -0.334115, 0.000000
0.416547, -0.325918, 0.000000
0.423065, -0.317587, 0.000000
0.429417, -0.309126, 0.000000
0.435599, -0.300538, 0.000000
0.441610, -0.291826, 0.000000
0.447447, -0.282993, 0.000000
0.453106, -0.274044, 0.000000
0.458587, -0.264982, 0.000000
0.463887, -0.255811, 0.000000
0.469003, -0.246533, 0.000000
0.473934, -0.237153, 0.000000
0.478677, -0.227674, 0.000000
0.483230, -0.218101, 0.000000
0.487592, -0.208436, 0.000000
0.491761, -0.198684, 0.000000
0.495735, -0.188849, 0.000000
0.499512, -0.178934, 0.000000
0.503090, -0.168944, 0.000000
0.506469, -0.158882, 0.000000
0.509647, -0.148753, 0.000000
0.512622, -0.138560, 0.000000
0.515393, -0.128307, 0.000000
0.517959, -0.118000, 0.000000
0.520319, -0.107640, 0.000000
0.522472, -0.097234, 0.000000
0.524417, -0.086785, 0.000000
0.526152, -0.076296, 0.000000
0.527678, -0.065773, 0.000000
0.528994, -0.055220, 0.000000
0.530098, -0.044640, 0.000000
0.530991, -0.034038, 0.000000
0.531672, -0.023418, 0.000000
0.532140, -0.012784, 0.000000
0.532396, -0.002142, 0.000000
0.532439, 0.008506, 0.000000
0.532269, 0.019155, 0.000000
0.531886, 0.029800, 0.000000
0.531290, 0.040438, 0.000000
0.530481, 0.051064, 0.000000
0.529460, 0.061674, 0.000000
0.528226, 0.072263, 0.000000
0.526781, 0.082827, 0.000000
0.525124, 0.093363, 0.000000
0.523257, 0.103865, 0.000000
0.521180, 0.114330, 0.000000
0.518893, 0.124754, 0.000000
0.516398, 0.135132, 0.000000
0.513695, 0.145460, 0.000000
0.510786, 0.155734, 0.000000
0.507672, 0.165950, 0.000000
0.504353, 0.176103, 0.000000
0.500831, 0.186190, 0.000000
0.497107, 0.196207, 0.000000
0.493183, 0.206149, 0.000000
0.489060, 0.216012, 0.000000
0.484739, 0.225794, 0.000000
0.480224, 0.235488, 0.000000
0.475514, 0.245093, 0.000000
0.470612, 0.254603, 0.000000
0.465520, 0.264015, 0.000000
0.460239, 0.273326, 0.000000
0.454773, 0.282531, 0.000000
0.449122, 0.291626, 0.000000
0.443290, 0.300608, 0.000000
0.437278, 0.309474, 0.000000
0.431088, 0.318220, 0.000000
0.424724, 0.326842, 0.000000
0.418187, 0.335336, 0.000000
0.411480, 0.343700, 0.000000
0.404606, 0.351929, 0.000000
0.397568, 0.360022, 0.000000
0.390367, 0.367973, 0.000000
0.383008, 0.375780, 0.000000
0.375492, 0.383440, 0.000000
0.367823, 0.390950, 0.000000
0.360004, 0.398307, 0.000000
0.352038, 0.405507, 0.000000
0.343928, 0.412548, 0.000000
0.335677, 0.419426, 0.000000
0.327289, 0.426140, 0.000000
0.318766, 0.432685, 0.000000
0.310112, 0.439061, 0.000000
0.301331, 0.445263, 0.000000
0.292426, 0.451290, 0.000000
0.283400, 0.457138, 0.000000
0.274257, 0.462806, 0.000000
0.265001, 0.468291, 0.000000
0.255635, 0.473591, 0.000000
0.246163, 0.478704, 0.000000
0.236589, 0.483627, 0.000000
0.226917, 0.488359, 0.000000
0.217150, 0.492897, 0.000000
0.207292, 0.497240, 0.000000
0.197347, 0.501386, 0.000000
0.187319, 0.505333, 0.000000
0.177212, 0.509080, 0.000000
0.167031, 0.512624, 0.000000
0.156778, 0.515964, 0.000000
0.146459, 0.519100, 0.000000
0.136077, 0.522029, 0.000000
0.125636, 0.524751, 0.000000
0.115141, 0.527263, 0.000000
0.104596, 0.529566, 0.000000
0.094005, 0.531658, 0.000000
0.083372, 0.533538, 0.000000
0.072701, 0.535206, 0.000000
0.061997, 0.536660, 0.000000
0.051264, 0.537900, 0.000000
0.040506, 0.538925, 0.000000
0.029727, 0.539735, 0.000000
0.018932, 0.540330, 0.000000
0.008126, 0.540708, 0.000000
-0.002688, 0.540871, 0.000000
-0.013506, 0.540817, 0.000000
-0.024322, 0.540547, 0.000000
-0.035133, 0.540060, 0.000000
-0.045934, 0.539358, 0.000000
-0.056721, 0.538439, 0.000000
-0.067490, 0.537305, 0.000000
-0.078236, 0.535955, 0.000000
-0.088955, 0.534390, 0.000000
-0.099643, 0.532611, 0.000000
-0.110295, 0.530618, 0.000000
-0.120908, 0.528412, 0.000000
-0.131476, 0.525994, 0.000000
-0.141996, 0.523365, 0.000000
-0.152463, 0.520525, 0.000000
-0.162874, 0.517475, 0.000000
-0.173223, 0.514218, 0.000000
-0.183508, 0.510753, 0.000000
-0.193723, 0.507083, 0.000000
-0.203864, 0.503209, 0.000000
-0.213928, 0.499132, 0.000000
-0.223911, 0.494853, 0.000000
-0.233808, 0.490375, 0.000000
-0.243616, 0.485699, 0.000000
-0.253330, 0.480826, 0.000000
-0.262946, 0.475760, 0.000000
-0.272461, 0.470501, 0.000000
-0.281871, 0.465052, 0.000000
-0.291172, 0.459414, 0.000000
-0.300361, 0.453591, 0.000000
-0.309432, 0.447583, 0.000000
-0.318384, 0.441395, 0.000000
-0.327212, 0.435027, 0.000000
-0.335913, 0.428483, 0.000000
-0.344482, 0.421765, 0.000000
-0.352917, 0.414875, 0.000000
-0.361215, 0.407817, 0.000000
-0.369371, 0.400592, 0.000000
-0.377383, 0.393205, 0.000000
-0.385247, 0.385657, 0.000000
-0.392960, 0.377952, 0.000000
-0.400519, 0.370093, 0.000000
-0.407921, 0.362083, 0.000000
-0.415163, 0.353924, 0.000000
-0.422241, 0.345621, 0.000000
-0.429154, 0.337176, 0.000000
-0.435897, 0.328593, 0.000000
-0.442469, 0.319875, 0.000000
-0.448867, 0.311026, 0.000000
-0.455087, 0.302048, 0.000000
-0.461128, 0.292947, 0.000000
-0.466987, 0.283724, 0.000000
-0.472662, 0.274384, 0.000000
-0.478149, 0.264931, 0.000000
-0.483448, 0.255368, 0.000000
-0.488555, 0.245699, 0.000000
-0.493469, 0.235928, 0.000000
-0.498188, 0.226059, 0.000000
-0.502709, 0.216095, 0.000000
-0.507031, 0.206041, 0.000000
-0.511152, 0.195900, 0.000000
-0.515070, 0.185677, 0.000000
-0.518783, 0.175376, 0.000000
-0.522291, 0.165000, 0.000000
-0.525591, 0.154554, 0.000000
-0.528682, 0.144042, 0.000000
-0.531563, 0.133469, 0.000000
-0.534232, 0.122838, 0.000000
-0.536689, 0.112153, 0.000000
-0.538932, 0.101419, 0.000000
-0.540960, 0.090640, 0.000000
-0.542773, 0.079821, 0.000000
-0.544370, 0.068966, 0.000000
-0.545749, 0.058078, 0.000000
-0.546910, 0.047163, 0.000000
-0.547854, 0.036225, 0.000000
-0.548578, 0.025268, 0.000000
-0.549084, 0.014297, 0.000000
-0.549370, 0.003315, 0.000000
-0.549436, -0.007672, 0.000000
-0.549282, -0.018661, 0.000000
-0.548909, -0.029647, 0.000000
-0.548316, -0.040625, 0.000000
-0.547504, -0.051591, 0.000000
-0.546472, -0.062541, 0.000000
-0.545221, -0.073471, 0.000000
-0.543752, -0.084375, 0.000000
-0.542064, -0.095250, 0.000000
-0.540159, -0.106092, 0.000000
-0.538037, -0.116895, 0.000000
-0.535699, -0.127656, 0.000000
-0.533146, -0.138370, 0.000000
-0.530379, -0.149032, 0.000000
-0.527398, -0.159640, 0.000000
-0.524206, -0.170188, 0.000000
-0.520802, -0.180672, 0.000000
-0.517188, -0.191088, 0.000000
-0.513367, -0.201432, 0.000000
-0.509338, -0.211699, 0.000000
-0.505104, -0.221886, 0.000000
-0.500666, -0.231988, 0.000000
-0.496026, -0.242001, 0.000000
-0.491186, -0.251922, 0.000000
-0.486148, -0.261746, 0.000000
-0.480913, -0.271469, 0.000000
-0.475484, -0.281087, 0.000000
-0.469862, -0.290597, 0.000000
-0.464050, -0.299994, 0.000000


0.666667, 0.000000, 0.000000
0.666667, 0.013333, 0.000000
0.666400, 0.026667, 0.000000
0.665867, 0.039995, 0.000000
0.665067, 0.053312, 0.000000
0.664001, 0.066613, 0.000000
0.662668, 0.079893, 0.000000
0.661070, 0.093147, 0.000000
0.659207, 0.106368, 0.000000
0.657080, 0.119552, 0.000000
0.654689, 0.132694, 0.000000
0.652035, 0.145788, 0.000000
0.649119, 0.158828, 0.000000
0.645943, 0.171811, 0.000000
0.642507, 0.184730, 0.000000
0.638812, 0.197580, 0.000000
0.634860, 0.210356, 0.000000
0.630653, 0.223053, 0.000000
0.626192, 0.235666, 0.000000
0.621479, 0.248190, 0.000000
0.616515, 0.260620, 0.000000
0.611303, 0.272950, 0.000000
0.605844, 0.285176, 0.000000
0.600140, 0.297293, 0.000000
0.594194, 0.309296, 0.000000
0.588008, 0.321180, 0.000000
0.581585, 0.332940, 0.000000
0.574926, 0.344571, 0.000000
0.568035, 0.356070, 0.000000
0.560913, 0.367431, 0.000000
0.553565, 0.378649, 0.000000
0.545992, 0.389720, 0.000000
0.538197, 0.400640, 0.000000
0.530185, 0.411404, 0.000000
0.521956, 0.422008, 0.000000
0.513516, 0.432447, 0.000000
0.504867, 0.442717, 0.000000
0.496013, 0.452815, 0.000000
0.486957, 0.462735, 0.000000
0.477702, 0.472474, 0.000000
0.468253, 0.482028, 0.000000
0.458612, 0.491393, 0.000000
0.448784, 0.500565, 0.000000
0.438773, 0.509541, 0.000000
0.428582, 0.518316, 0.000000
0.418216, 0.526888, 0.000000
0.407678, 0.535252, 0.000000
0.396973, 0.543406, 0.000000
0.386105, 0.551345, 0.000000
0.375078, 0.559067, 0.000000
0.363896, 0.566569, 0.000000
0.352565, 0.573847, 0.000000
0.341088, 0.580898, 0.000000
0.329470, 0.587720, 0.000000
0.317716, 0.594309, 0.000000
0.305830, 0.600664, 0.000000
0.293816, 0.606780, 0.000000
0.281681, 0.612657, 0.000000
0.269428, 0.618290, 0.000000
0.257062, 0.623679, 0.000000
0.244588, 0.628820, 0.000000
0.232012, 0.633712, 0.000000
0.219338, 0.638352, 0.000000
0.206571, 0.642739, 0.000000
0.193716, 0.646870, 0.000000
0.180778, 0.650744, 0.000000
0.167764, 0.654360, 0.000000
0.154676, 0.657715, 0.000000
0.141522, 0.660809, 0.000000
0.128306, 0.663639, 0.000000
0.115033, 0.666205, 0.000000
0.101709, 0.668506, 0.000000
0.088339, 0.670540, 0.000000
0.074928, 0.672307, 0.000000
0.061482, 0.673806, 0.000000
0.048006, 0.675035, 0.000000
0.034505, 0.675995, 0.000000
0.020985, 0.676685, 0.000000
0.007452, 0.677105, 0.000000
-0.006091, 0.677254, 0.000000
-0.019636, 0.677132, 0.000000
-0.033178, 0.676740, 0.000000
-0.046713, 0.676076, 0.000000
-0.060235, 0.675142, 0.000000
-0.073737, 0.673937, 0.000000
-0.087216, 0.672462, 0.000000
-0.100665, 0.670718, 0.000000
-0.114080, 0.668705, 0.000000
-0.127454, 0.666423, 0.000000
-0.140782, 0.663874, 0.000000
-0.154060, 0.661058, 0.000000
-0.167281, 0.657977, 0.000000
-0.180441, 0.654632, 0.000000
-0.193533, 0.651023, 0.000000
-0.206554, 0.647152, 0.000000
-0.219497, 0.643021, 0.000000
-0.232357, 0.638631, 0.000000
-0.245130, 0.633984, 0.000000
-0.257809, 0.629081, 0.000000
-0.270391, 0.623925, 0.000000
-0.282870, 0.618517, 0.000000
-0.295240, 0.612860, 0.000000
-0.307497, 0.606955, 0.000000
-0.319636, 0.600805, 0.000000
-0.331652, 0.594413, 0.000000
-0.343541, 0.587779, 0.000000
-0.355296, 0.580909, 0.000000
-0.366914, 0.573803, 0.000000
-0.378390, 0.566464, 0.000000
-0.389720, 0.558897, 0.000000
-0.400898, 0.551102, 0.000000
-0.411920, 0.543084, 0.000000
-0.422781, 0.534846, 0.000000
-0.433478, 0.526390, 0.000000
-0.444006, 0.517721, 0.000000
-0.454360, 0.508841, 0.000000
-0.464537, 0.499753, 0.000000
-0.474532, 0.490463, 0.000000
-0.484342, 0.480972, 0.000000
-0.493961, 0.471285, 0.000000
-0.503387, 0.461406, 0.000000
-0.512615, 0.451338, 0.000000
-0.521642, 0.441086, 0.000000
-0.530463, 0.430653, 0.000000
-0.539076, 0.420044, 0.000000
-0.547477, 0.409262, 0.000000
-0.555663, 0.398313, 0.000000
-0.563629, 0.387199, 0.000000
-0.571373, 0.375927, 0.000000
-0.578891, 0.364499, 0.000000
-0.586181, 0.352922, 0.000000
-0.593240, 0.341198, 0.000000
-0.600064, 0.329333, 0.000000
-0.606650, 0.317332, 0.000000
-0.612997, 0.305199, 0.000000
-0.619101, 0.292939, 0.000000
-0.624960, 0.280557, 0.000000
-0.630571, 0.268058, 0.000000
-0.635932, 0.255446, 0.000000
-0.641041, 0.242728, 0.000000
-0.645896, 0.229907, 0.000000
-0.650494, 0.216989, 0.000000
-0.654833, 0.203979, 0.000000
-0.658913, 0.190882, 0.000000
-0.662731, 0.177704, 0.000000
-0.666285, 0.164450, 0.000000
-0.669574, 0.151124, 0.000000
-0.672596, 0.137732, 0.000000
-0.675351, 0.124280, 0.000000
-0.677837, 0.110773, 0.000000
-0.680052, 0.097217, 0.000000
-0.681996, 0.083616, 0.000000
-0.683669, 0.069976, 0.000000
-0.685068, 0.056302, 0.000000
-0.686194, 0.042601, 0.000000
-0.687046, 0.028877, 0.000000
-0.687624, 0.015136, 0.000000
-0.687927, 0.001384, 0.000000
-0.687954, -0.012375, 0.000000
-0.687707, -0.026134, 0.000000
-0.687184, -0.039888, 0.000000
-0.686386, -0.053632, 0.000000
-0.685314, -0.067359, 0.000000
-0.683967, -0.081066, 0.000000
-0.682345, -0.094745, 0.000000
-0.680450, -0.108392, 0.000000
-0.678282, -0.122001, 0.000000
-0.675842, -0.135567, 0.000000
-0.673131, -0.149083, 0.000000
-0.670149, -0.162546, 0.000000
-0.666899, -0.175949, 0.000000
-0.663380, -0.189287, 0.000000
-0.659594, -0.202555, 0.000000
-0.655543, -0.215747, 0.000000
-0.651228, -0.228857, 0.000000
-0.646651, -0.241882, 0.000000
-0.641813, -0.254815, 0.000000
-0.636717, -0.267651, 0.000000
-0.631364, -0.280386, 0.000000
-0.625756, -0.293013, 0.000000
-0.619896, -0.305528, 0.000000
-0.613785, -0.317926, 0.000000
-0.607427, -0.330202, 0.000000
-0.600823, -0.342350, 0.000000
-0.593976, -0.354367, 0.000000
-0.586888, -0.366246, 0.000000
-0.579563, -0.377984, 0.000000
-0.572004, -0.389575, 0.000000
-0.564212, -0.401015, 0.000000
-0.556192, -0.412299, 0.000000
-0.547946, -0.423423, 0.000000
-0.539477, -0.434382, 0.000000
-0.530790, -0.445172, 0.000000
-0.521886, -0.455787, 0.000000
-0.512771, -0.466225, 0.000000
-0.503446, -0.476481, 0.000000
-0.493916, -0.486549, 0.000000
-0.484185, -0.496428, 0.000000
-0.474257, -0.506112, 0.000000
-0.464135, -0.515597, 0.000000
-0.453823, -0.524879, 0.000000
-0.443325, -0.533956, 0.000000
-0.432646, -0.542822, 0.000000
-0.421790, -0.551475, 0.000000
-0.410760, -0.559911, 0.000000
-0.399562, -0.568126, 0.000000
-0.388199, -0.576117, 0.000000
-0.376677, -0.583881, 0.000000
-0.364999, -0.591415, 0.000000
-0.353171, -0.598715, 0.000000
-0.341197, -0.605778, 0.000000
-0.329081, -0.612602, 0.000000
-0.316829, -0.619184, 0.000000
-0.304445, -0.625521, 0.000000
-0.291935, -0.631609, 0.000000
-0.279303, -0.637448, 0.000000
-0.266554, -0.643034, 0.000000
-0.253693, -0.648365, 0.000000
-0.240726, -0.653439, 0.000000
-0.227657, -0.658254, 0.000000
-0.214492, -0.662807, 0.000000
-0.201236, -0.667097, 0.000000
-0.187894, -0.671121, 0.000000
-0.174472, -0.674879, 0.000000
-0.160974, -0.678369, 0.000000
-0.147407, -0.681588, 0.000000
-0.133775, -0.684536, 0.000000
-0.120084, -0.687212, 0.000000
-0.106340, -0.689613, 0.000000
-0.092548, -0.691740, 0.000000
-0.078713, -0.693591, 0.000000
-0.064841, -0.695166, 0.000000
-0.050938, -0.696462, 0.000000
-0.037008, -0.697481, 0.000000
-0.023059, -0.698221, 0.000000
-0.009094, -0.698682, 0.000000
0.004879, -0.698864, 0.000000
0.018857, -0.698767, 0.000000
0.032832, -0.698390, 0.000000
0.046800, -0.697733, 0.000000
0.060754, -0.696797, 0.000000
0.074690, -0.695582, 0.000000
0.088602, -0.694088, 0.000000
0.102484, -0.692316, 0.000000
0.116330, -0.690266, 0.000000
0.130135, -0.687940, 0.000000
0.143894, -0.685337, 0.000000
0.157601, -0.682459, 0.000000
0.171250, -0.679307, 0.000000
0.184836, -0.675882, 0.000000
0.198354, -0.672185, 0.000000
0.211798, -0.668218, 0.000000
0.225162, -0.663982, 0.000000
0.238442, -0.659479, 0.000000
0.251631, -0.654710, 0.000000
0.264725, -0.649678, 0.000000
0.277719, -0.644383, 0.000000
0.290607, -0.638829, 0.000000
0.303383, -0.633017, 0.000000
0.316044, -0.626949, 0.000000
0.328582, -0.620628, 0.000000
0.340995, -0.614056, 0.000000
0.353276, -0.607237, 0.000000
0.365421, -0.600171, 0.000000
0.377424, -0.592863, 0.000000
0.389282, -0.585314, 0.000000
0.400988, -0.577528, 0.000000
0.412538, -0.569509, 0.000000
0.423929, -0.561258, 0.000000
0.435154, -0.552779, 0.000000
0.446209, -0.544076, 0.000000
0.457091, -0.535152, 0.000000
0.467794, -0.526010, 0.000000
0.478314, -0.516654, 0.000000
0.488647, -0.507088, 0.000000
0.498789, -0.497315, 0.000000
0.508735, -0.487339, 0.000000
0.518482, -0.477165, 0.000000
0.528025, -0.466795, 0.000000
0.537361, -0.456235, 0.000000
0.546486, -0.445487, 0.000000
0.555396, -0.434558, 0.000000
0.564087, -0.423450, 0.000000
0.572556, -0.412168, 0.000000
0.580799, -0.400717, 0.000000
0.588814, -0.389101, 0.000000
0.596596, -0.377325, 0.000000
0.604142, -0.365393, 0.000000
0.611450, -0.353310, 0.000000
0.618516, -0.341081, 0.000000
0.625338, -0.328711, 0.000000
0.631912, -0.316204, 0.000000
0.638236, -0.303566, 0.000000
0.644307, -0.290801, 0.000000
0.650123, -0.277915, 0.000000
0.655682, -0.264912, 0.000000
0.660980, -0.251799, 0.000000
0.666016, -0.238579, 0.000000
0.670788, -0.225259, 0.000000
0.675293, -0.211843, 0.000000
0.679530, -0.198337, 0.000000
0.683496, -0.184746, 0.000000
0.687191, -0.171077, 0.000000
0.690613, -0.157333, 0.000000
0.693759, -0.143520, 0.000000
0.696630, -0.129645, 0.000000
0.699223, -0.115713, 0.000000
0.701537, -0.101728, 0.000000
0.703572, -0.087697, 0.000000
0.705325, -0.073626, 0.000000
0.706798, -0.059520, 0.000000
0.707988, -0.045384, 0.000000
0.708896, -0.031224, 0.000000
0.709521, -0.017046, 0.000000
0.709861, -0.002855, 0.000000
0.709919, 0.011342, 0.000000
0.709692, 0.025540, 0.000000
0.709181, 0.039734, 0.000000
0.708386, 0.053918, 0.000000
0.707308, 0.068085, 0.000000
0.705946, 0.082231, 0.000000
0.704301, 0.096350, 0.000000
0.702374, 0.110436, 0.000000
0.700166, 0.124484, 0.000000
0.697676, 0.138487, 0.000000
0.694906, 0.152441, 0.000000
0.691857, 0.166339, 0.000000
0.688531, 0.180176, 0.000000
0.684927, 0.193947, 0.000000
0.681048, 0.207645, 0.000000
0.676895, 0.221266, 0.000000
0.672470, 0.234804, 0.000000
0.667774, 0.248253, 0.000000
0.662809, 0.261609, 0.000000
0.657577, 0.274865, 0.000000
0.652079, 0.288017, 0.000000
0.646319, 0.301058, 0.000000
0.640298, 0.313985, 0.000000
0.634018, 0.326791, 0.000000
0.627482, 0.339471, 0.000000
0.620693, 0.352021, 0.000000
0.613653, 0.364434, 0.000000
0.606364, 0.376707, 0.000000
0.598830, 0.388835, 0.000000
0.591053, 0.400811, 0.000000
0.583037, 0.412632, 0.000000
0.574784, 0.424293, 0.000000
0.566298, 0.435789, 0.000000
0.557583, 0.447115, 0.000000
0.548640, 0.458266, 0.000000
0.539475, 0.469239, 0.000000
0.530090, 0.480029, 0.000000
0.520490, 0.490630, 0.000000
0.510677, 0.501040, 0.000000
0.500656, 0.511254, 0.000000
0.490431, 0.521267, 0.000000
0.480006, 0.531076, 0.000000
0.469384, 0.540676, 0.000000
0.458571, 0.550063, 0.000000
0.447569, 0.559235, 0.000000
0.436385, 0.568186, 0.000000
0.425021, 0.576914, 0.000000
0.413483, 0.585414, 0.000000
0.401775, 0.593684, 0.000000
0.389901, 0.601719, 0.000000
0.377866, 0.609517, 0.000000
0.365676, 0.617075, 0.000000
0.353335, 0.624388, 0.000000
0.340847, 0.631455, 0.000000
0.328218, 0.638272, 0.000000
0.315452, 0.644836, 0.000000
0.302556, 0.651145, 0.000000
0.289533, 0.657196, 0.000000
0.276389, 0.662987, 0.000000
0.263129, 0.668515, 0.000000
0.249759, 0.673777, 0.000000
0.236283, 0.678773, 0.000000
0.222708, 0.683498, 0.000000
0.209038, 0.687952, 0.000000
0.195279, 0.692133, 0.000000
0.181436, 0.696039, 0.000000
0.167515, 0.699667, 0.000000
0.153522, 0.703018, 0.000000
0.139462, 0.706088, 0.000000
0.125340, 0.708877, 0.000000
0.111162, 0.711384, 0.000000
0.096935, 0.713607, 0.000000
0.082662, 0.715546, 0.000000
0.068352, 0.717199, 0.000000
0.054008, 0.718566, 0.000000
0.039636, 0.719647, 0.000000
0.025243, 0.720439, 0.000000
0.010835, 0.720944, 0.000000
-0.003584, 0.721161, 0.000000
-0.018008, 0.721089, 0.000000
-0.032429, 0.720729, 0.000000
-0.046844, 0.720080, 0.000000
-0.061246, 0.719144, 0.000000
-0.075628, 0.717919, 0.000000
-0.089987, 0.716406, 0.000000
-0.104315, 0.714606, 0.000000
-0.118607, 0.712520, 0.000000
-0.132857, 0.710148, 0.000000
-0.147060, 0.707491, 0.000000
-0.161210, 0.704549, 0.000000
-0.175301, 0.701325, 0.000000
-0.189328, 0.697819, 0.000000
-0.203284, 0.694033, 0.000000
-0.217165, 0.689967, 0.000000
-0.230964, 0.685624, 0.000000
-0.244677, 0.681004, 0.000000
-0.258297, 0.676111, 0.000000
-0.271819, 0.670945, 0.000000
-0.285238, 0.665509, 0.000000
-0.298548, 0.659804, 0.000000
-0.311744, 0.653833, 0.000000
-0.324821, 0.647598, 0.000000
-0.337773, 0.641102, 0.000000
-0.350595, 0.634346, 0.000000
-0.363282, 0.627334, 0.000000
-0.375828, 0.620069, 0.000000
-0.388230, 0.612552, 0.000000
-0.400481, 0.604787, 0.000000
-0.412576, 0.596778, 0.000000
-0.424512, 0.588526, 0.000000
-0.436282, 0.580036, 0.000000
-0.447883, 0.571310, 0.000000
-0.459309, 0.562353, 0.000000
-0.470556, 0.553166, 0.000000
-0.481620, 0.543755, 0.000000
-0.492495, 0.534123, 0.000000
-0.503177, 0.524273, 0.000000
-0.513663, 0.514209, 0.000000
-0.523947, 0.503936, 0.000000
-0.534026, 0.493457, 0.000000
-0.543895, 0.482777, 0.000000
-0.553550, 0.471899, 0.000000
-0.562988, 0.460828, 0.000000
-0.572205, 0.449568, 0.000000
-0.581196, 0.438124, 0.000000
-0.589959, 0.426500, 0.000000
-0.598489, 0.414701, 0.000000
-0.606783, 0.402731, 0.000000
-0.614837, 0.390595, 0.000000
-0.622649, 0.378299, 0.000000
-0.630215, 0.365846, 0.000000
-0.637532, 0.353241, 0.000000
-0.644597, 0.340491, 0.000000
-0.651407, 0.327599, 0.000000
-0.657959, 0.314571, 0.000000
-0.664250, 0.301411, 0.000000
-0.670278, 0.288126, 0.000000
-0.676041, 0.274721, 0.000000
-0.681535, 0.261200, 0.000000
-0.686759, 0.247569, 0.000000
-0.691711, 0.233834, 0.000000
-0.696387, 0.220000, 0.000000
-0.700787, 0.206072, 0.000000
-0.704909, 0.192056, 0.000000
-0.708750, 0.177958, 0.000000
-0.712309, 0.163783, 0.000000
-0.715585, 0.149537, 0.000000
-0.718576, 0.135225, 0.000000
-0.721280, 0.120854, 0.000000
-0.723697, 0.106428, 0.000000
-0.725826, 0.091954, 0.000000
-0.727665, 0.077438, 0.000000
-0.729214, 0.062885, 0.000000
-0.730471, 0.048300, 0.000000
-0.731437, 0.033691, 0.000000
-0.732111, 0.019062, 0.000000
-0.732492, 0.004420, 0.000000
-0.732581, -0.010230, 0.000000
-0.732376, -0.024882, 0.000000
-0.731878, -0.039529, 0.000000
-0.731088, -0.054167, 0.000000
-0.730005, -0.068788, 0.000000
-0.728629, -0.083389, 0.000000
-0.726961, -0.097961, 0.000000
-0.725002, -0.112500, 0.000000
-0.722752, -0.127000, 0.000000
-0.720212, -0.141455, 0.000000
-0.717383, -0.155860, 0.000000
-0.714265, -0.170207, 0.000000
-0.710861, -0.184493, 0.000000
-0.707171, -0.198710, 0.000000
-0.703197, -0.212853, 0.000000
-0.698940, -0.226917, 0.000000
-0.694402, -0.240896, 0.000000
-0.689584, -0.254784, 0.000000
-0.684488, -0.268576, 0.000000
-0.679117, -0.282265, 0.000000
-0.673471, -0.295848, 0.000000
-0.667554, -0.309317, 0.000000
-0.661368, -0.322668, 0.000000
-0.654915, -0.335896, 0.000000
-0.648197, -0.348994, 0.000000
-0.641217, -0.361958, 0.000000
-0.633978, -0.374782, 0.000000
-0.626482, -0.387462, 0.000000
-0.618733, -0.399991, 0.000000


0.833333, 0.000000, 0.000000
0.833333, 0.016667, 0.000000
0.833000, 0.033333, 0.000000
0.832333, 0.049993, 0.000000
0.831333, 0.066640, 0.000000
0.830001, 0.083267, 0.000000
0.828335, 0.099867, 0.000000
0.826338, 0.116433, 0.000000
0.824009, 0.132960, 0.000000
0.821350, 0.149440, 0.000000
0.818361, 0.165867, 0.000000
0.815044, 0.182235, 0.000000
0.811399, 0.198535, 0.000000
0.807428, 0.214763, 0.000000
0.803133, 0.230912, 0.000000
0.798515, 0.246975, 0.000000
0.793575, 0.262945, 0.000000
0.788317, 0.278816, 0.000000
0.782740, 0.294583, 0.000000
0.776849, 0.310238, 0.000000
0.770644, 0.325775, 0.000000
0.764128, 0.341187, 0.000000
0.757305, 0.356470, 0.000000
0.750175, 0.371616, 0.000000
0.742743, 0.386620, 0.000000
0.735010, 0.401474, 0.000000
0.726981, 0.416175, 0.000000
0.718657, 0.430714, 0.000000
0.710043, 0.445087, 0.000000
0.701141, 0.459288, 0.000000
0.691956, 0.473311, 0.000000
0.682489, 0.487150, 0.000000
0.672746, 0.500800, 0.000000
0.662730, 0.514255, 0.000000
0.652445, 0.527509, 0.000000
0.641895, 0.540558, 0.000000
0.631084, 0.553396, 0.000000
0.620016, 0.566018, 0.000000
0.608696, 0.578418, 0.000000
0.597127, 0.590592, 0.000000
0.585315, 0.602535, 0.000000
0.573265, 0.614241, 0.000000
0.560980, 0.625706, 0.000000
0.548466, 0.636926, 0.000000
0.535727, 0.647895, 0.000000
0.522769, 0.658610, 0.000000
0.509597, 0.669065, 0.000000
0.496216, 0.679257, 0.000000
0.482631, 0.689181, 0.000000
0.468847, 0.698834, 0.000000
0.454870, 0.708211, 0.000000
0.440706, 0.717308, 0.000000
0.426360, 0.726122, 0.000000
0.411838, 0.734650, 0.000000
0.397145, 0.742886, 0.000000
0.382287, 0.750829, 0.000000
0.367270, 0.758475, 0.000000
0.352101, 0.765820, 0.000000
0.336784, 0.772862, 0.000000
0.321327, 0.779598, 0.000000
0.305735, 0.786025, 0.000000
0.290015, 0.792139, 0.000000
0.274172, 0.797940, 0.000000
0.258213, 0.803423, 0.000000
0.242145, 0.808587, 0.000000
0.225973, 0.813430, 0.000000
0.209704, 0.817950, 0.000000
0.193345, 0.822144, 0.000000
0.176902, 0.826011, 0.000000
0.160382, 0.829549, 0.000000
0.143791, 0.832756, 0.000000
0.127136, 0.835632, 0.000000
0.110423, 0.838175, 0.000000
0.093660, 0.840383, 0.000000
0.076852, 0.842257, 0.000000
0.060007, 0.843794, 0.000000
0.043131, 0.844994, 0.000000
0.026231, 0.845856, 0.000000
0.009314, 0.846381, 0.000000
-0.007613, 0.846567, 0.000000
-0.024545, 0.846415, 0.000000
-0.041473, 0.845924, 0.000000
-0.058391, 0.845095, 0.000000
-0.075293, 0.843927, 0.000000
-0.092172, 0.842421, 0.000000
-0.109020, 0.840578, 0.000000
-0.125832, 0.838397, 0.000000
-0.142600, 0.835881, 0.000000
-0.159317, 0.833028, 0.000000
-0.175978, 0.829842, 0.000000
-0.192575, 0.826323, 0.000000
-0.209101, 0.822471, 0.000000
-0.225551, 0.818289, 0.000000
-0.241916, 0.813778, 0.000000
-0.258192, 0.808940, 0.000000
-0.274371, 0.803776, 0.000000
-0.290446, 0.798288, 0.000000
-0.306412, 0.792480, 0.000000
-0.322262, 0.786351, 0.000000
-0.337989, 0.779906, 0.000000
-0.353587, 0.773146, 0.000000
-0.369050, 0.766075, 0.000000
-0.384371, 0.758694, 0.000000
-0.399545, 0.751006, 0.000000
-0.414565, 0.743015, 0.000000
-0.429426, 0.734724, 0.000000
-0.444120, 0.726135, 0.000000
-0.458643, 0.717253, 0.000000
-0.472988, 0.708080, 0.000000
-0.487149, 0.698620, 0.000000
-0.501122, 0.688877, 0.000000
-0.514899, 0.678855, 0.000000
-0.528476, 0.668557, 0.000000
-0.541848, 0.657987, 0.000000
-0.555007, 0.647150, 0.000000
-0.567950, 0.636050, 0.000000
-0.580671, 0.624691, 0.000000
-0.593165, 0.613078, 0.000000
-0.605427, 0.601215, 0.000000
-0.617451, 0.589106, 0.000000
-0.629233, 0.576757, 0.000000
-0.640768, 0.564172, 0.000000
-0.652052, 0.551357, 0.000000
-0.663079, 0.538316, 0.000000
-0.673845, 0.525054, 0.000000
-0.684346, 0.511577, 0.000000
-0.694578, 0.497891, 0.000000
-0.704536, 0.483999, 0.000000
-0.714216, 0.469908, 0.000000
-0.723614, 0.455624, 0.000000
-0.732726, 0.441152, 0.000000
-0.741549, 0.426497, 0.000000
-0.750079, 0.411666, 0.000000
-0.758313, 0.396665, 0.000000
-0.766246, 0.381498, 0.000000
-0.773876, 0.366173, 0.000000
-0.781199, 0.350696, 0.000000
-0.788213, 0.335072, 0.000000
-0.794915, 0.319308, 0.000000
-0.801301, 0.303409, 0.000000
-0.807369, 0.287383, 0.000000
-0.813117, 0.271236, 0.000000
-0.818541, 0.254974, 0.000000
-0.823641, 0.238603, 0.000000
-0.828413, 0.222130, 0.000000
-0.832856, 0.205562, 0.000000
-0.836967, 0.188905, 0.000000
-0.840745, 0.172165, 0.000000
-0.844188, 0.155350, 0.000000
-0.847295, 0.138467, 0.000000
-0.850065, 0.121521, 0.000000
-0.852495, 0.104519, 0.000000
-0.854585, 0.087469, 0.000000
-0.856335, 0.070378, 0.000000
-0.857742, 0.053251, 0.000000
-0.858807, 0.036096, 0.000000
-0.859529, 0.018920, 0.000000
-0.859908, 0.001730, 0.000000
-0.859942, -0.015469, 0.000000
-0.859633, -0.032667, 0.000000
-0.858980, -0.049860, 0.000000
-0.857982, -0.067040, 0.000000
-0.856642, -0.084199, 0.000000
-0.854958, -0.101332, 0.000000
-0.852931, -0.118431, 0.000000
-0.850562, -0.135490, 0.000000
-0.847853, -0.152501, 0.000000
-0.844803, -0.169458, 0.000000
-0.841413, -0.186354, 0.000000
-0.837686, -0.203183, 0.000000
-0.833623, -0.219936, 0.000000
-0.829224, -0.236609, 0.000000
-0.824492, -0.253193, 0.000000
-0.819428, -0.269683, 0.000000
-0.814034, -0.286072, 0.000000
-0.808313, -0.302352, 0.000000
-0.802266, -0.318519, 0.000000
-0.795895, -0.334564, 0.000000
-0.789204, -0.350482, 0.000000
-0.782194, -0.366266, 0.000000
-0.774869, -0.381910, 0.000000
-0.767231, -0.397407, 0.000000
-0.759283, -0.412752, 0.000000
-0.751028, -0.427937, 0.000000
-0.742469, -0.442958, 0.000000
-0.733610, -0.457807, 0.000000
-0.724454, -0.472479, 0.000000
-0.715004, -0.486969, 0.000000
-0.705265, -0.501269, 0.000000
-0.695239, -0.515374, 0.000000
-0.684932, -0.529279, 0.000000
-0.674346, -0.542977, 0.000000
-0.663487, -0.556464, 0.000000
-0.652357, -0.569734, 0.000000
-0.640963, -0.582781, 0.000000
-0.629307, -0.595600, 0.000000
-0.617395, -0.608187, 0.000000
-0.605231, -0.620534, 0.000000
-0.592821, -0.632639, 0.000000
-0.580168, -0.644496, 0.000000
-0.567278, -0.656099, 0.000000
-0.554156, -0.667444, 0.000000
-0.540807, -0.678528, 0.000000
-0.527237, -0.689344, 0.000000
-0.513450, -0.699888, 0.000000
-0.499452, -0.710157, 0.000000
-0.485249, -0.720146, 0.000000
-0.470846, -0.729851, 0.000000
-0.456249, -0.739268, 0.000000
-0.441463, -0.748393, 0.000000
-0.426496, -0.757223, 0.000000
-0.411351, -0.765753, 0.000000
-0.396036, -0.773980, 0.000000
-0.380556, -0.781900, 0.000000
-0.364919, -0.789512, 0.000000
-0.349128, -0.796810, 0.000000
-0.333192, -0.803792, 0.000000
-0.317116, -0.810456, 0.000000
-0.300907, -0.816799, 0.000000
-0.284571, -0.822817, 0.000000
-0.268115, -0.828508, 0.000000
-0.251545, -0.833871, 0.000000
-0.234867, -0.838901, 0.000000
-0.218089, -0.843599, 0.000000
-0.201217, -0.847961, 0.000000
-0.184258, -0.851985, 0.000000
-0.167218, -0.855670, 0.000000
-0.150105, -0.859014, 0.000000
-0.132925, -0.862016, 0.000000
-0.115684, -0.864675, 0.000000
-0.098391, -0.866989, 0.000000
-0.081051, -0.868956, 0.000000
-0.063672, -0.870577, 0.000000
-0.046260, -0.871851, 0.000000
-0.028823, -0.872776, 0.000000
-0.011368, -0.873353, 0.000000
0.006099, -0.873580, 0.000000
0.023571, -0.873458, 0.000000
0.041040, -0.872986, 0.000000
0.058500, -0.872166, 0.000000
0.075943, -0.870996, 0.000000
0.093363, -0.869477, 0.000000
0.110752, -0.867610, 0.000000
0.128105, -0.865395, 0.000000
0.145413, -0.862832, 0.000000
0.162669, -0.859924, 0.000000
0.179868, -0.856671, 0.000000
0.197001, -0.853073, 0.000000
0.214063, -0.849133, 0.000000
0.231045, -0.844852, 0.000000
0.247942, -0.840231, 0.000000
0.264747, -0.835272, 0.000000
0.281452, -0.829978, 0.000000
0.298052, -0.824348, 0.000000
0.314539, -0.818387, 0.000000
0.330907, -0.812097, 0.000000
0.347149, -0.805478, 0.000000
0.363258, -0.798535, 0.000000
0.379229, -0.791270, 0.000000
0.395054, -0.783686, 0.000000
0.410728, -0.775785, 0.000000
0.426244, -0.767570, 0.000000
0.441595, -0.759045, 0.000000
0.456776, -0.750213, 0.000000
0.471780, -0.741078, 0.000000
0.486602, -0.731642, 0.000000
0.501235, -0.721910, 0.000000
0.515673, -0.711886, 0.000000
0.529911, -0.701572, 0.000000
0.543942, -0.690974, 0.000000
0.557761, -0.680095, 0.000000
0.571363, -0.668940, 0.000000
0.584742, -0.657512, 0.000000
0.597892, -0.645818, 0.000000
0.610809, -0.633860, 0.000000
0.623486, -0.621644, 0.000000
0.635919, -0.609174, 0.000000
0.648102, -0.596456, 0.000000
0.660031, -0.583494, 0.000000
0.671701, -0.570293, 0.000000
0.683107, -0.556859, 0.000000
0.694244, -0.543197, 0.000000
0.705108, -0.529312, 0.000000
0.715695, -0.515210, 0.000000
0.725999, -0.500896, 0.000000
0.736017, -0.486376, 0.000000
0.745744, -0.471655, 0.000000
0.755177, -0.456741, 0.000000
0.764312, -0.441637, 0.000000
0.773145, -0.426351, 0.000000
0.781672, -0.410888, 0.000000
0.789890, -0.395254, 0.000000
0.797795, -0.379457, 0.000000
0.805384, -0.363501, 0.000000
0.812654, -0.347393, 0.000000
0.819602, -0.331140, 0.000000
0.826225, -0.314748, 0.000000
0.832520, -0.298223, 0.000000
0.838484, -0.281573, 0.000000
0.844116, -0.264803, 0.000000
0.849412, -0.247921, 0.000000
0.854370, -0.230933, 0.000000
0.858989, -0.213845, 0.000000
0.863266, -0.196666, 0.000000
0.867199, -0.179400, 0.000000
0.870787, -0.162056, 0.000000
0.874028, -0.144641, 0.000000
0.876921, -0.127160, 0.000000
0.879464, -0.109622, 0.000000
0.881656, -0.092032, 0.000000
0.883497, -0.074399, 0.000000
0.884985, -0.056729, 0.000000
0.886120, -0.039030, 0.000000
0.886900, -0.021307, 0.000000
0.887326, -0.003569, 0.000000
0.887398, 0.014177, 0.000000
0.887114, 0.031925, 0.000000
0.886476, 0.049668, 0.000000
0.885482, 0.067397, 0.000000
0.884134, 0.085107, 0.000000
0.882432, 0.102789, 0.000000
0.880377, 0.120438, 0.000000
0.877968, 0.138046, 0.000000
0.875207, 0.155605, 0.000000
0.872095, 0.173109, 0.000000
0.868633, 0.190551, 0.000000
0.864822, 0.207924, 0.000000
0.860663, 0.225220, 0.000000
0.856159, 0.242433, 0.000000
0.851310, 0.259557, 0.000000
0.846119, 0.276583, 0.000000
0.840587, 0.293505, 0.000000
0.834717, 0.310317, 0.000000
0.828511, 0.327011, 0.000000
0.821971, 0.343581, 0.000000
0.815099, 0.360021, 0.000000
0.807899, 0.376323, 0.000000
0.800372, 0.392481, 0.000000
0.792522, 0.408488, 0.000000
0.784353, 0.424339, 0.000000
0.775866, 0.440026, 0.000000
0.767065, 0.455543, 0.000000
0.757955, 0.470884, 0.000000
0.748537, 0.486043, 0.000000
0.738816, 0.501014, 0.000000
0.728796, 0.515791, 0.000000
0.718480, 0.530366, 0.000000
0.707873, 0.544736, 0.000000
0.696978, 0.558894, 0.000000
0.685800, 0.572833, 0.000000
0.674343, 0.586549, 0.000000
0.662612, 0.600036, 0.000000
0.650612, 0.613288, 0.000000
0.638346, 0.626300, 0.000000
0.625820, 0.639067, 0.000000
0.613039, 0.651584, 0.000000
0.600007, 0.663845, 0.000000
0.586730, 0.675845, 0.000000
0.573213, 0.687579, 0.000000
0.559462, 0.699044, 0.000000
0.545481, 0.710233, 0.000000
0.531276, 0.721142, 0.000000
0.516853, 0.731768, 0.000000
0.502218, 0.742105, 0.000000
0.487376, 0.752149, 0.000000
0.472333, 0.761897, 0.000000
0.457095, 0.771343, 0.000000
0.441668, 0.780485, 0.000000
0.426058, 0.789319, 0.000000
0.410272, 0.797840, 0.000000
0.394315, 0.806045, 0.000000
0.378194, 0.813932, 0.000000
0.361915, 0.821495, 0.000000
0.345486, 0.828734, 0.000000
0.328911, 0.835644, 0.000000
0.312198, 0.842222, 0.000000
0.295354, 0.848466, 0.000000
0.278384, 0.854373, 0.000000
0.261297, 0.859940, 0.000000
0.244098, 0.865166, 0.000000
0.226795, 0.870048, 0.000000
0.209394, 0.874584, 0.000000
0.191902, 0.878772, 0.000000
0.174327, 0.882610, 0.000000
0.156674, 0.886097, 0.000000
0.138952, 0.889230, 0.000000
0.121168, 0.892009, 0.000000
0.103328, 0.894433, 0.000000
0.085439, 0.896499, 0.000000
0.067509, 0.898208, 0.000000
0.049545, 0.899558, 0.000000
0.031554, 0.900549, 0.000000
0.013543, 0.901180, 0.000000
-0.004481, 0.901451, 0.000000
-0.022510, 0.901361, 0.000000
-0.040537, 0.900911, 0.000000
-0.058555, 0.900100, 0.000000
-0.076557, 0.898929, 0.000000
-0.094536, 0.897398, 0.000000
-0.112484, 0.895507, 0.000000
-0.130394, 0.893258, 0.000000
-0.148259, 0.890650, 0.000000
-0.166072, 0.887685, 0.000000
-0.183826, 0.884363, 0.000000
-0.201513, 0.880687, 0.000000
-0.219127, 0.876656, 0.000000
-0.236660, 0.872274, 0.000000
-0.254105, 0.867541, 0.000000
-0.271456, 0.862459, 0.000000
-0.288705, 0.857029, 0.000000
-0.305846, 0.851255, 0.000000
-0.322871, 0.845138, 0.000000
-0.339774, 0.838681, 0.000000
-0.356548, 0.831885, 0.000000
-0.373185, 0.824754, 0.000000
-0.389680, 0.817291, 0.000000
-0.406026, 0.809497, 0.000000
-0.422216, 0.801377, 0.000000
-0.438244, 0.792932, 0.000000
-0.454102, 0.784167, 0.000000
-0.469786, 0.775085, 0.000000
-0.485287, 0.765690, 0.000000
-0.500601, 0.755984, 0.000000
-0.515721, 0.745972, 0.000000
-0.530640, 0.735658, 0.000000
-0.545353, 0.725045, 0.000000
-0.559854, 0.714138, 0.000000
-0.574137, 0.702941, 0.000000
-0.588196, 0.691458, 0.000000
-0.602025, 0.679694, 0.000000
-0.615619, 0.667654, 0.000000
-0.628972, 0.655341, 0.000000
-0.642079, 0.642762, 0.000000
-0.654934, 0.629920, 0.000000
-0.667533, 0.616821, 0.000000
-0.679869, 0.603471, 0.000000
-0.691938, 0.589873, 0.000000
-0.703736, 0.576035, 0.000000
-0.715257, 0.561960, 0.000000
-0.726496, 0.547655, 0.000000
-0.737449, 0.533125, 0.000000
-0.748111, 0.518376, 0.000000
-0.758479, 0.503414, 0.000000
-0.768547, 0.488244, 0.000000
-0.778312, 0.472873, 0.000000
-0.787769, 0.457307, 0.000000
-0.796916, 0.441552, 0.000000
-0.805747, 0.425613, 0.000000
-0.814259, 0.409498, 0.000000
-0.822449, 0.393213, 0.000000
-0.830313, 0.376764, 0.000000
-0.837848, 0.360158, 0.000000
-0.845052, 0.343401, 0.000000
-0.851920, 0.326500, 0.000000
-0.858450, 0.309462, 0.000000
-0.864639, 0.292293, 0.000000
-0.870485, 0.275000, 0.000000
-0.875985, 0.257590, 0.000000
-0.881136, 0.240070, 0.000000
-0.885938, 0.222448, 0.000000
-0.890387, 0.204729, 0.000000
-0.894481, 0.186921, 0.000000
-0.898220, 0.169032, 0.000000
-0.901600, 0.151067, 0.000000
-0.904622, 0.133035, 0.000000
-0.907282, 0.114943, 0.000000
-0.909581, 0.096797, 0.000000
-0.911517, 0.078605, 0.000000
-0.913089, 0.060375, 0.000000
-0.914297, 0.042113, 0.000000
-0.915139, 0.023827, 0.000000
-0.915616, 0.005525, 0.000000
-0.915726, -0.012788, 0.000000
-0.915470, -0.031102, 0.000000
-0.914848, -0.049412, 0.000000
-0.913860, -0.067709, 0.000000
-0.912506, -0.085986, 0.000000
-0.910786, -0.104236, 0.000000
-0.908702, -0.122452, 0.000000
-0.906253, -0.140626, 0.000000
-0.903440, -0.158751, 0.000000
-0.900265, -0.176820, 0.000000
-0.896729, -0.194825, 0.000000
-0.892832, -0.212759, 0.000000
-0.888577, -0.230616, 0.000000
-0.883965, -0.248388, 0.000000
-0.878997, -0.266067, 0.000000
-0.873676, -0.283647, 0.000000
-0.868003, -0.301120, 0.000000
-0.861980, -0.318480, 0.000000
-0.855611, -0.335720, 0.000000
-0.848896, -0.352832, 0.000000
-0.841840, -0.369810, 0.000000
-0.834443, -0.386647, 0.000000
-0.826710, -0.403336, 0.000000
-0.818644, -0.419870, 0.000000
-0.810246, -0.436243, 0.000000
-0.801521, -0.452448, 0.000000
-0.792473, -0.468478, 0.000000
-0.783103, -0.484328, 0.000000
-0.773416, -0.499990, 0.000000


